taxon,species,genus,family,order,class,superclass,subphylum,phylum,kingdom,name,commonACHOA MITCHILLI,mitchilli,Anchoa,Engraulidae,Clupeiformes,Actinopterygii,Pisces,Vertebrata,Chordata,Animalia,Anchoa mitchilli,bay anchovyAnthoptilum grandiflorum,grandiflorum,Anthoptilum,Anthoptilidae,Pennatulacea,Anthozoa,NA,Anthozoa,Cnidaria,Animalia,Anthoptilum grandiflorum,a sea penAstropecten californicus,verilli,Astropecten,Astropectinidae,Paxillosida,Asteroidea,NA,Asterozoa,Echinodermata,Animalia,Astropecten verilli,a sea starBAGRE MARIUS,marinus,Bagre,Ariidae,Siluriformes,Actinopterygii,Pisces,Vertebrata,Chordata,Animalia,Bagre marinus,Gafftopsail catfishBREVOORTIA PATROUS,patronus,Brevoortia,Clupeidae,Clupeiformes,Actinopterygii,Pisces,Vertebrata,Chordata,Animalia,Brevoortia patronus,Gulf menhadenBalanus evermanni,evermanni,Chirona,Archaeobalanidae,Sessillia,Maxillopoda,NA,Crustacea,Arthropoda,Animalia,Chirona evermanni,a barnacleBolinia euryptera,euryptera,Bolinia,Cottidae,Scorpaeniformes,Actinopterygii,Osteichthyes,Vertebrata,Chordata,Animalia,Bolinia euryptera,a sculpinBrisaster latifrons,latifrons,Brisaster,Schizasteridae,Spatangoida,Echinoidea,NA,Echinozoa,Echinodermata,Animalia,Brisaster latifrons,a sea urchinCHRYSAORA QUIQUECIRRHA,quinquecirrha,Chrysaora,Pelagiidae,Semaeostomeae,Scyphozoa,NA,NA,Cnidaria,Animalia,Chrysaora quiquecirrha,sea nettleCYOSCIO,NA,Cynoscion,Sciaenidae,Perciformes,Actinopterygii,Gnathostomata,Vertebrata,Chordata,Animalia,Cynoscion spp.,drumCeramaster japonicus,japonicus,Ceramaster,Goniasteridae,Valvatida,Asteroidea,NA,Asterozoa,Echinodermata,Animalia,Ceramaster japonicus,red cookie starCheiraster dawsoni,dawsoni,Cheiraster,Benthopectinidae,Notomyotida,Asteroidea,NA,Asterozoa,Echinodermata,Animalia,Cheiraster dawsoni,a sea starColus halli,hallii,Colus,Buccinidae,Neogastropoda,Gastropoda,NA,NA,Mollusca,Animalia,Colus halli,a snailColus spitzbergensis,brevicauda,Aulacofusus,Buccinidae,Neogastropoda,Gastropoda,Gas,NA,Mollusca,Animalia,Colus brevicauda,thick-ribbed whelkCorallimorphus spp.,NA,Corallimorphus,Corallimorphidae,Corallimorpharia,Anthozoa,NA,Anthozoa,Cnidaria,Animalia,Corallimorphus,false coralCrossaster borealis,borealis,Crossaster,Solasteridae,Valvatida,Asteroidea,NA,Asterozoa,Echinodermata,Animalia,Crossaster borealis,grooved sun starCucumaria fallax,fallax,Cucumaria,Cucumariidae,Dendrochirotida,Holothuroidea,NA,Echinozoa,Echinodermata,Animalia,Cucumaria fallax,a sea cucumberDiplopteraster multipes,multipes,Diplopteraster,Pterasteridae,Spinulosida,Asteroidea,NA,Asterozoa,Echinodermata,Animalia,Diplopteraster multipes,cushion starDipsacaster borealis,borealis,Dipsacaster,Astropectinidae,Paxillosida,Asteroidea,NA,Asterozoa,Echinodermata,Animalia,Dipsacaster borealis,northern sand starDorididae,NA,NA,Dorididae,Nudibranchia,Gastropoda,NA,NA,Mollusca,Animalia,Dorididae,a nudibranchEunoe depressa,depressa,Eunoe,Polynoidae,Phyllodocida,Errantia,NA,Polychaeta,Annelida,Animalia,Eunoe depressa,a polychaete wormEunoe nodosa,nodosa,Eunoe,Polynoidae,Phyllodocida,Errantia,NA,Polychaeta,Annelida,Animalia,Eunoe nodosa,a polychaete wormEvasterias echinosoma,echinosoma,Evasterias,Asteriidae,Forcipulatida,Asteroidea,NA,Asterozoa,Echinodermata,Animalia,Evasterias echinosoma,a sea starEvasterias troschelii,troschelii,Evasterias,Asteriidae,Forcipulatida,Asteroidea,NA,Asterozoa,Echinodermata,Animalia,Evasterias troschelii,mottled starFlustra serrulata,serrulata,Flustra,Flustridae,Cheilostomata,Gymnolaemata,NA,NA,Bryozoa,Animalia,Flustra serrulata,a bryozoanGYMOTHORAX IGROMARGIATUS,nigromarginatus,Gymnothorax,Muraenidae,Anguilliformes,Actinopterygii,Pisces,Vertebrata,Chordata,Animalia,Gymothorax igromargiatus,blackedge morayHILDEBRADIA FLAVA,flavus,Rhynchoconger,Congridae,Anguilliformes,Actinopterygii,Pisces,Vertebrata,Chordata,Animalia,Rhynchoconger flavus,yellow congerHalocynthia aurantium,aurantium,Halocynthia,Pyuridae,Pleurogona,Ascidiacea,NA,Urochordata,Chordata,Animalia,Halocynthia aurantium,sea peachHalocynthia igaboja,igaboja,Halocynthia,Pyuridae,Stolidobranchia,Ascidiacea,NA,Tunicata,Chordata,Animalia,Halocynthia igaboja,bristly tunicateHeterozonias alternatus,alternatus,Heterozonias,Solasteridae,Spinulosida,Asteroidea,NA,Asterozoa,Echinodermata,Animalia,Heterozonias alternatus,a sea starHexactinosida,NA,NA,NA,Hexactinosida,Hexactinellida,NA,NA,Porifera,Animalia,Hexactinosida,a spongeHippasteria californica,californica,Hippasteria,Goniasteridae,Valvatida,Asteroidea,NA,Asterozoa,Echinodermata,Animalia,Hippasteria californica,Californian spiny starHippasteria spinosa,spinosa,Hippasteria,Goniasteridae,Valvatida,Asteroidea,NA,Asterozoa,Echinodermata,Animalia,Hippasteria spinosa,spiny starHormathiidae,NA,NA,Hormathiidae,Actiniaria,Anthozoa,NA,Anthozoa,Cnidaria,Animalia,Hormathiidae,a sea anemoneInvertebrata,NA,NA,NA,NA,NA,NA,NA,NA,Animalia,Invertebrata,an invertebrateLIBIIA EMARGIATA,emarginata,Libinia,Epialtidae,Decapoda,Malacostraca,NA,Crustacea,Arthropoda,Animalia,Libinia emarginata,portly spider crabLUTJAUS CAMPECHAUS,campechanus,Lutjanus,Lutjanidae,Perciformes,Actinopterygii,Pisces,Vertebrata,Chordata,Animalia,Lutjanus campechanus,northern red snapperLUTJAUS SYAGRIS,synagris,Lutjanus,Lutjanidae,Perciformes,Actinopterygii,Pisces,Vertebrata,Chordata,Animalia,Lutjanus synagris,lane snapperLaqueus californianus,californianus,Laqueus,Laqueidae,Terebratulida,Rhynchonellata,NA,Rhynchonelliformea,Brachiopoda,Animalia,Laqueus californianus,California lamp shellLeptasterias arctica,arctica,Leptasterias,Asteriidae,Forcipulatida,Asteroidea,NA,Asterozoa,Echinodermata,Animalia,Leptasterias arctica,a sea starLethasterias nanimensis,nanimensis,Lethasterias,Asteriidae,Forcipulatida,Asteroidea,NA,Asterozoa,Echinodermata,Animalia,Lethasterias nanimensis,black spined starLuidia foliolata,foliolata,Luidia,Luidiidae,Paxillosida,Asteroidea,NA,Asterozoa,Echinodermata,Animalia,Luidia foliolata,sand starMETICIRRHUS AMERICAUS,americanus,Menticirrhus,Sciaenidae,Perciformes,Actinopterygii,Pisces,Vertebrata,Chordata,Animalia,Menticirrhus americanus,southern kingfishMUSTELUS CAIS,canis,Mustelus,Triakidae,Carcharhiniformes,Elasmobranchii,Pisces,Vertebrata,Chordata,Animalia,Mustelus canis,smooth dogfishMolpadia intermedia,intermedia,Molpadia,Molpadiidae,Molpadiida,Holothuroidea,NA,Echinozoa,Echinodermata,Animalia,Molpadia intermedia,a sea cucumberMunida quadrispina,quadrispina,Munida,Galatheidae,Decapoda,Malacostraca,NA,Crustacea,Arthropoda,Animalia,Munida quadrispina,squat lobsterMycale loveni,loveni,Mycale,Mycalidae,Poecilosclerida,Demospongiae,NA,NA,Porifera,Animalia,Mycale loveni,tree spongeMyxoderma platyacanthum,platyacanthum,Myxoderma,Zoroasteridae,Forcipulatida,Asteroidea,NA,Asterozoa,Echinodermata,Animalia,Myxoderma platyacanthum,a sea starNeptunea amianta,amianta,Neptunea,Buccinidae,Neogastropoda,Gastropoda,NA,NA,Mollusca,Animalia,Neptunea amianta,a true whelkNotostomum cyclostomum,cyclostomum,Notostomum,Piscicolidae,Rhynchobdellida,Hirudinea,NA,Clitellata,Annelida,Animalia,Notostomum cyclostomum,an annelidOPISTHOEMA OGLIUM,oglinum,Opisthonema,Clupeidae,Clupeiformes,Actinopterygii,Pisces,Vertebrata,Chordata,Animalia,Opisthonema oglinum,Atlantic thread herringOctopus (=Enteroctopus) dofleini,dofleini,Enteroctopus,Octopodidae,Octopoda,Cephalopoda,NA,NA,Mollusca,Animalia,Octopus dofleini,giant pacific octopusOrthasterias koehleri,koehleri,Orthasterias,Asteriidae,Forcipulatida,Asteroidea,NA,Asterozoa,Echinodermata,Animalia,Orthasterias koehleri,rainbow starPARTHEOPE GRAULATA,granulatus,Platylambrus,Parthenopidae,Decapoda,Malacostraca,NA,Crustacea,Arthropoda,Animalia,Platyambrus ganulatus,bladetooth elbow crabPEAEUS DUORARUM,duorarum,Penaeus,Penaeidae,Decapoda,Malacostraca,NA,Crustacea,Arthropoda,Animalia,Penaeus duorarum,spotted shrimpPORTUUS SPIICARPUS,spinicarpus,Achelous,Portunidae,Decapoda,Malacostraca,NA,Crustacea,Arthropoda,Animalia,Achelous spinicarpus,longspine swimming crabPSEUDOPLEURONECTES AMERICANUS ,americanus,Pseudopleuronectes,Pleuronectidae,Pleuronectiformes,Actinopterygii,Pisces,Vertebrata,Chordata,Animalia,Pseudopleuronectes americanus ,winter flounderPaguristes turgidus,turgidus,Paguristes,Diogenidae,Decapoda,Malacostraca,NA,Crustacea,Arthropoda,Animalia,Paguristes turgidus,a hermit crabPagurus capillatus,capillatus,Pagurus,Paguridae,Decapoda,Malacostraca,NA,Crustacea,Arthropoda,Animalia,Pagurus capillatus,fuzzy hermit crabParastichopus californicus,californicus,Parastichopus,Stichopodidae,Aspidochirotida,Holothuroidea,NA,Echinozoa,Echinodermata,Animalia,Parastichopus californicus,giant california sea cucumberParastichopus leukothele,leukothele,Parastichopus,Stichopodidae,Aspidochirotida,Holothuroidea,NA,Echinozoa,Echinodermata,Animalia,Parastichopus leukothele,giant orange sea cucumberPleurobranchaea californica,californica,Pleurobranchaea,Pleurobranchidae,Notaspidea,Gastropoda,NA,NA,Mollusca,Animalia,Pleurobranchaea californica,a nudibranchPoraniopsis inflata,inflata,Poraniopsis,Echinasteridae,Spinulosida,Asteroidea,NA,Asterozoa,Echinodermata,Animalia,Poraniopsis inflata,spiny sea starPrimnoa willeyi,willeyi,Primnoa,Primnoidae,Alcyonacea,Anthozoa,NA,Anthozoa,Cnidaria,Animalia,Primnoa willeyi,red tree coralPseudostichopus mollis,mollis,Pseudostichopus,Synallactidae,Aspidochirotida,Holothuroidea,NA,Echinozoa,Echinodermata,Animalia,Pseudostichopus mollis,a sea cucumberPteraster jordani,jordani,Pteraster,Pterasteridae,Spinulosida,Asteroidea,NA,Asterozoa,Echinodermata,Animalia,Pteraster jordani,Jordan's cushion starPteraster obscurus,obscurus,Pteraster,Pterasteridae,Spinulosida,Asteroidea,NA,Asterozoa,Echinodermata,Animalia,Pteraster obscurus,obscure cushion starPurple Striated Anemone,NA,NA,Actinistolidae,Actiniaria,Anthozoa,NA,NA,Cnidaria,Animalia,Purple striated anemone,Purple striated anemonePyrulofusus melonis,melonis,Pyrulofusus,Buccinidae,Neogastropoda,Gastropoda,NA,NA,Mollusca,Animalia,Pyrulofusus melonis,melon shaped whelkRAJA TEXAA,texana,Raja,Rajidae,Rajiformes,Elasmobranchii,Gnathostomata,Vertebrata,Chordata,Animalia,Raja texana,roundel skateRaja binoculata egg case,binoculata,Raja,Rajidae,Rajiformes,Elasmobranchii,Gnathostomata,Vertebrata,Chordata,Animalia,Raja binoculata egg case,Big skate egg caseRaja sp. egg case,NA,Raja,Rajidae,Rajiformes,Elasmobranchii,Gnathostomata,Vertebrata,Chordata,Animalia,Raja,skate egg caseRajiformes egg case,NA,NA,NA,Rajiformes,Elasmobranchii,Gnathostomata,Vertebrata,Chordata,Animalia,Rajiformes egg case,skate egg caseRathbunaster californicus,californicus,Rathbunaster,Asteriidae,Forcipulatida,Asteroidea,NA,Asterozoa,Echinodermata,Animalia,Rathbunaster californicus,deep-sea sun starRossellinae,NA,NA,Rossellidae,Lyssacinosida,Hexactinellida,NA,NA,Porifera,Animalia,Rossellinae,a sea spungeSAURIDA BRASILIESIS,brasiliensis,Saurida,Synodontidae,Aulopiformes,Actinopterygii,Pisces,Vertebrata,Chordata,Animalia,Saurida brasiliensis,largescale lizardfishSELAR CRUMEOPHTHALMUS,crumenophthalmus,Selar,Carangidae,Perciformes,Actinopterygii,Gnathostomata,Vertebrata,Chordata,Animalia,Selar crumenophthalmus,bigeye scadSICYOIA BREVIROSTRIS,brevirostris,Sicyonia,Sicyoniidae,Decapoda,Malacostraca,NA,Crustacea,Arthropoda,Animalia,Sicyoia brevirostris,brown rock shrimpSPHYRAEA GUACHACHO,guachancho,Sphyraena,Sphyraenidae,Perciformes,Actinopterygii,Pisces,Vertebrata,Chordata,Animalia,Sphyraena guachancho,guaguanche baracudaSQUILLA CHYDAEA,chydaea,Squilla,Squillidae,Stomatopoda,Malacostraca,NA,Crustacea,Arthropoda,Animalia,Squilla chydaea,offshore mantis shrimpSYACIUM GUTERI,gunteri,Syacium,Paralichthyidae,Pleuronectiformes,Actinopterygii,Pisces,Vertebrata,Chordata,Animalia,Syacium gunteri,shoal flounderSergestes similis,similis,Sergestes,Sergestidae,Decapoda,Malacostraca,NA,Crustacea,Arthropoda,Animalia,Sergestes similis,midwater shrimpSolaster borealis,borealis,Crossaster,Solasteridae,Spinulosida,Asteroidea,NA,Asterozoa,Echinodermata,Animalia,Crossaster borealis,grooved sun starStegophiura ponderosa,ponderosa,Stegophiura,Ophiuridae,Ophiurida,Ophiuroidea,NA,Asterozoa,Echinodermata,Animalia,Stegophiura ponderosa,a sea starStrongylocentrotus franciscanus,franciscanus,Strongylocentrotus,Strongylocentrotidae,Echinoida,Echinoidea,NA,Echinozoa,Echinodermata,Animalia,Strongylocentrotus franciscanus,red sea starStylasterias forreri,forreri,Stylasterias,Asteriidae,Forcipulatida,Asteroidea,NA,Asterozoa,Echinodermata,Animalia,Stylasterias forreri,velcro starTRACHYPEEUS SIMILIS,similis,Rimapenaeus,Penaeidae,Decapoda,Malacostraca,NA,Crustacea,Arthropoda,Animalia,Rimapenaeus similis,roughback shrimpTerebratalia transversa,transversa,Terebratalia,Laqueidae,Terebratulida,Rhynchonellata,NA,Rhynchonelliformea,Brachiopoda,Animalia,Terebratalia transversa,common lamp shellTerebratellacea,NA,NA,NA,Terebratulida,Rhynchonellata,NA,Rhynchonelliformea,Brachiopoda,Animalia,Terebratellacea,a brachiopodThrissacanthias penicillatus,penicillatus,Thrissacanthias,Astropectinidae,Paxillosida,Asteroidea,NA,Asterozoa,Echinodermata,Animalia,Thrissacanthias penicillatus,a sea starUROPHYCIS FLORIDAUS,floridana,Urophycis,Phycidae,Gadiformes,Actinopterygii,Pisces,Vertebrata,Chordata,Animalia,Urophycis floridana,southern hakeXIPHOPEAEUS KROYERI,kroyeri,Xiphopenaeus,Penaeidae,Decapoda,Malacostraca,NA,Crustacea,Arthropoda,Animalia,Xiphopenaeus kroyeri,Atlantic seabobZoroaster evermanni,evermanni,Sagenaster,Zoroasteridae,Forcipulatida,Asteroidea,NA,Asterozoa,Echinodermata,Animalia,Sagenaster evermanni,a sea starSEBASTES FASCIATUS,fasciatus,Sebastes,Scorpaenidae,Scorpaeniformes,Actinopterygii,Osteichthyes,Vertebrata,Chordata,Animalia,Sebastes fasciatus,Acadian redfishSebastes fasciatus,fasciatus,Sebastes,Sebastidae,Scorpaeniformes,Actinopterygii,Pisces,Vertebrata,Chordata,Animalia,Sebastes fasciatus,Acadian redfishPANDALUS MONTAGUI,montagui,Pandalus,Pandalidae,Decapoda,Malacostraca,NA,Crustacea,Arthropoda,Animalia,Pandalus montagui,Aesop shrimpAphrodita spp.,NA,Aphrodita,Aphroditidae,Phyllodocida,Errantia,NA,Polychaeta,Annelida,Animalia,Aphrodita,sea mouseBothrocara pusillum,pusillum,Bothrocara,Zoarcidae,Perciformes,Actinopterygii,Osteichthyes,Vertebrata,Chordata,Animalia,Bothrocara pusillum,Alaska eelpoutPleuronectes quadrituberculatus,quadrituberculatus,Pleuronectes,Pleuronectidae,Pleuronectiformes,Actinopterygii,Pisces,Vertebrata,Chordata,Animalia,Pleuronectes quadrituberculatus,Alaska plaicePleuronectesquadrituberculatus,quadrituberculatus,Pleuronectes,Pleuronectidae,Pleuronectiformes,Actinopterygii,Pisces,Vertebrata,Chordata,Animalia,Pleuronectes quadrituberculatus,Alaska plaiceSiliqua alta,alta,Siliqua,Pharidae,Veneroida,Bivalvia,NA,NA,Mollusca,Animalia,Siliqua alta,Alaska razorBathyraja parmifera,parmifera,Bathyraja,Arhynchobatidae,Rajiformes,Chondrichthyes,Chondrichthyes,Vertebrata,Chordata,Animalia,Bathyraja parmifera,Alaska skateArctomelon stearnsii,stearnsii,Arctomelon,Volutidae,Neogastropoda,Gastropoda,NA,NA,Mollusca,Animalia,Arctomelon stearnsii,Alaska volutePagurus ochotensis,ochotensis,Pagurus,Paguridae,Decapoda,Malacostraca,NA,Crustacea,Arthropoda,Animalia,Pagurus ochotensis,Alaskan hermit crabPandalus eous (=borealis),eous,Pandalus,Pandalidae,Decapoda,Malacostraca,NA,Crustacea,Arthropoda,Animalia,Pandalus eous,Alaskan pink shrimpPandaluseous(=borealis),eous,Pandalus,Pandalidae,Decapoda,Malacostraca,NA,Crustacea,Arthropoda,Animalia,Pandalus eous,Alaskan pink shrimpBathymaster caeruleofasciatus,caeruleofasciatus,Bathymaster,Bathymasteridae,Perciformes,Actinopterygii,Osteichthyes,Vertebrata,Chordata,Animalia,Bathymaster caeruleofasciatus,Alaskan ronquilPseudarchaster alascensis,NA,NA,NA,NA,NA,NA,NA,NA,NA,Pseudarchaster alascensis,Alaskan scarlet starPseudarchaster spp.,NA,Pseudarchaster,Goniasteridae,Valvatida,Asteroidea,NA,Asterozoa,Echinodermata,Animalia,Pseudarchaster,Alaskan scarlet starAspidophoroides bartoni,bartoni,Aspidophoroides,Agonidae,Scorpaeniformes,Actinopterygii,Pisces,Vertebrata,Chordata,Animalia,Aspidophoroides bartoni,Aleutian alligatorfishAspidophoroidesbartoni,bartoni,Aspidophoroides,Agonidae,Scorpaeniformes,Actinopterygii,Pisces,Vertebrata,Chordata,Animalia,Aspidophoroides bartoni,Aleutian alligatorfishPagurus aleuticus,aleuticus,Pagurus,Paguridae,Decapoda,Malacostraca,NA,Crustacea,Arthropoda,Animalia,Pagurus aleuticus,Aleutian hermitBathyraja aleutica,aleutica,Bathyraja,Arhynchobatidae,Rajiformes,Chondrichthyes,Chondrichthyes,Vertebrata,Chordata,Animalia,Bathyraja aleutica,Aleutian skatePEPRILUS TRIACANTHUS,triacanthus,Peprilus,Stromateidae,Perciformes,Actinopterygii,Osteichthyes,Vertebrata,Chordata,Animalia,Peprilus triacanthus,American butterfishPARALICHTHYS OBLONGUS,NA,NA,NA,NA,NA,NA,NA,NA,NA,Paralichthys oblongus,American fourspot flounderHOMARUS AMERICANUS,americanus,Homarus,Nephropidae,Decapoda,Malacostraca,NA,Crustacea,Arthropoda,Animalia,Homarus americanus,American lobsterHomarus americanus,americanus,Homarus,Nephropidae,Decapoda,Malacostraca,NA,Crustacea,Arthropoda,Animalia,Homarus americanus,American lobsterHIPPOGLOSSOIDES PLATESSOIDES,platessoides,Hippoglossoides,Pleuronectidae,Pleuronectiformes,Actinopterygii,Pisces,Vertebrata,Chordata,Animalia,Hippoglossoides platessoides,American plaiceHippoglossoides platessoides,platessoides,Hippoglossoides,Pleuronectidae,Pleuronectiformes,Actinopterygii,Pisces,Vertebrata,Chordata,Animalia,Hippoglossoides platessoides,American plaiceALOSA SAPIDISSIMA,sapidissima,Alosa,Clupeidae,Clupeiformes,Actinopterygii,Pisces,Vertebrata,Chordata,Animalia,Alosa sapidissima,American shadAlosa sapidissima,sapidissima,Alosa,Clupeidae,Clupeiformes,Actinopterygii,Pisces,Vertebrata,Chordata,Animalia,Alosa sapidissima,American shadSTELLIFER LACEOLATUS,lanceolatus,Stellifer,Sciaenidae,Perciformes,Actinopterygii,Osteichthyes,Vertebrata,Chordata,Animalia,Stellifer laceolatus,American stardrumASPIDOPHOROIDES OLRIKI,olrikii,Ulcina,Agonidae,Scorpaeniformes,Actinopterygii,Pisces,Vertebrata,Chordata,Animalia,Ulcina olrikii,Arctic alligatorfishBOREOGADUS SAIDA,saida,Boreogadus,Gadidae,Gadiformes,Actinopterygii,Pisces,Vertebrata,Chordata,Animalia,Boreogadus saida,Arctic codBoreogadus saida,saida,Boreogadus,Gadidae,Gadiformes,Actinopterygii,Pisces,Vertebrata,Chordata,Animalia,Boreogadus saida,Arctic codLYCODES RETICULATUS,reticulatus,Lycodes,Zoarcidae,Perciformes,Actinopterygii,Pisces,Vertebrata,Chordata,Animalia,Lycodes reticulatus,Arctic eelpoutHiatella arctica,arctica,Hiatella,Hiatellidae,Myoida,Bivalvia,NA,NA,Mollusca,Animalia,Hiatella arctica,Arctic hiatellaHyas coarctatus,coarctatus,Hyas,Oregoniidae,Decapoda,Malacostraca,NA,Crustacea,Arthropoda,Animalia,Hyas coarctatus,Arctic lyre crabHyascoarctatus,coarctatus,Hyas,Oregoniidae,Decapoda,Malacostraca,NA,Crustacea,Arthropoda,Animalia,Hyas coarctatus,Arctic lyre crabMactromeris polynyma,polynyma,Mactromeris,Mactridae,Veneroida,Bivalvia,NA,NA,Mollusca,Animalia,Mactromeris polynyma,Arctic surfclamARGIS DENTATA,dentata,Argis,Crangonidae,Decapoda,Malacostraca,NA,Crustacea,Arthropoda,Animalia,Argis dentata,Artic argidArgis dentata,dentata,Argis,Crangonidae,Decapoda,Malacostraca,NA,Crustacea,Arthropoda,Animalia,Argis dentata,Artic argidPleurogrammus monopterygius,monopterygius,Pleurogrammus,Hexagrammidae,Scorpaeniformes,Actinopterygii,Pisces,Vertebrata,Chordata,Animalia,Pleurogrammus monopterygius,Atka mackerelPleurogrammusmonopterygius,monopterygius,Pleurogrammus,Hexagrammidae,Scorpaeniformes,Actinopterygii,Pisces,Vertebrata,Chordata,Animalia,Pleurogrammus monopterygius,Atka mackerelSCOMBEROMORUS MACULATUS,maculatus,Scomberomorus,Scombridae,Perciformes,Actinopterygii,Pisces,Vertebrata,Chordata,Animalia,Scomberomorus maculatus,Atlantic Spanish mackerelARGENTINA SILUS,silus,Argentina,Argentinidae,Osmeriformes,Actinopterygii,Pisces,Vertebrata,Chordata,Animalia,Argentina silus,Atlantic argentineArgentina silus,silus,Argentina,Argentinidae,Osmeriformes,Actinopterygii,Pisces,Vertebrata,Chordata,Animalia,Argentina silus,Atlantic argentinePRIACATHUS AREATUS,arenatus,Priacanthus,Priacanthidae,Perciformes,Actinopterygii,Osteichthyes,Vertebrata,Chordata,Animalia,Priacathus areatus,Atlantic bigeyeLOLLIGUCULA BREVIS,brevis,Lolliguncula,Loliginidae,Teuthida,Cephalopoda,NA,NA,Mollusca,Animalia,Lolligucula brevis,Atlantic brief squidLOLLIGUNCULA BREVIS,brevis,Lolliguncula,Loliginidae,Myopsida,Cephalopoda,NA,NA,Mollusca,Animalia,Lolliguncula brevis,Atlantic brief squidCHLOROSCOMBRUS CHRYSURUS,chrysurus,Chloroscombrus,Carangidae,Perciformes,Actinopterygii,Pisces,Vertebrata,Chordata,Animalia,Chloroscombrus chrysurus,Atlantic bumperGADUS MORHUA,morhua,Gadus,Gadidae,Gadiformes,Actinopterygii,Pisces,Vertebrata,Chordata,Animalia,Gadus morhua,Atlantic codGadus morhua,morhua,Gadus,Gadidae,Gadiformes,Actinopterygii,Pisces,Vertebrata,Chordata,Animalia,Gadus morhua,Atlantic codMICROPOGOIAS UDULATUS,undulatus,Micropogonias,Sciaenidae,Perciformes,Actinopterygii,Pisces,Vertebrata,Chordata,Animalia,Micropogonias undulatus,Atlantic croakerMICROPOGONIAS UNDULATUS,undulatus,Micropogonias,Sciaenidae,Perciformes,Actinopterygii,Pisces,Vertebrata,Chordata,Animalia,Micropogonias undulatus,Atlantic croakerTRICHIURUS LEPTURUS,lepturus,Trichiurus,Trichiuridae,Perciformes,Actinopterygii,Pisces,Vertebrata,Chordata,Animalia,Trichiurus lepturus,Atlantic cutlassfishMYXINE GLUTINOSA,glutinosa,Myxine,Myxinidae,Myxiniformes,Myxini,NA,Vertebrata,Chordata,Animalia,Myxine glutinosa,Atlantic hagfishHIPPOGLOSSUS HIPPOGLOSSUS,hippoglossus,Hippoglossus,Pleuronectidae,Pleuronectiformes,Actinopterygii,Pisces,Vertebrata,Chordata,Animalia,Hippoglossus hippoglossus,Atlantic halibutHippoglossus hippoglossus,hippoglossus,Hippoglossus,Pleuronectidae,Pleuronectiformes,Actinopterygii,Pisces,Vertebrata,Chordata,Animalia,Hippoglossus hippoglossus,Atlantic halibutCLUPEA HARENGUS,harengus,Clupea,Clupeidae,Clupeiformes,Actinopterygii,Pisces,Vertebrata,Chordata,Animalia,Clupea harengus,Atlantic herringClupea harengus,harengus,Clupea,Clupeidae,Clupeiformes,Actinopterygii,Pisces,Vertebrata,Chordata,Animalia,Clupea harengus,Atlantic herringSCOMBER SCOMBRUS,scombrus,Scomber,Scombridae,Perciformes,Actinopterygii,Pisces,Vertebrata,Chordata,Animalia,Scomber scombrus,Atlantic mackerelScomber scombrus,scombrus,Scomber,Scombridae,Perciformes,Actinopterygii,Pisces,Vertebrata,Chordata,Animalia,Scomber scombrus,Atlantic mackerelPORICHTHYS PLECTRODO,plectrodon,Porichthys,Batrachoididae,Batrachoidiformes,Actinopterygii,Osteichthyes,Vertebrata,Chordata,Animalia,Porichthys plectrodo,Atlantic midshipmanPORICHTHYS PLECTRODON,plectrodon,Porichthys,Batrachoididae,Batrachoidiformes,Actinopterygii,Pisces,Vertebrata,Chordata,Animalia,Porichthys plectrodon,Atlantic midshipmanSELEE SETAPIIS,setapinnis,Selene,Carangidae,Perciformes,Actinopterygii,Osteichthyes,Vertebrata,Chordata,Animalia,Selee setapiis,Atlantic moonfishSELENE SETAPINNIS,setapinnis,Selene,Carangidae,Perciformes,Actinopterygii,Pisces,Vertebrata,Chordata,Animalia,Selene setapinnis,Atlantic moonfishAGONUS DECAGONUS,decagonus,Leptagonus,Agonidae,Scorpaeniformes,Actinopterygii,Pisces,Vertebrata,Chordata,Animalia,Leptagonus decagonus,Atlantic poacherCANCER IRRORATUS,irroratus,Cancer,Cancridae,Decapoda,Malacostraca,NA,Crustacea,Arthropoda,Animalia,Cancer irroratus,Atlantic rock crabRHIZOPRIONODON TERRAENOVAE,terraenovae,Rhizoprionodon,Carcharhinidae,Carcharhiniformes,Elasmobranchii,Pisces,Vertebrata,Chordata,Animalia,Rhizoprionodon terraenovae,Atlantic sharpnose sharkNEMICHTHYS SCOLOPACEUS,scolopaceus,Nemichthys,Nemichthyidae,Anguilliformes,Actinopterygii,Pisces,Vertebrata,Chordata,Animalia,Nemichthys scolopaceus,Atlantic snipe eelCHAETODIPTERUS FABER,faber,Chaetodipterus,Ephippidae,Perciformes,Actinopterygii,Pisces,Vertebrata,Chordata,Animalia,Chaetodipterus faber,Atlantic spadefishEUMICROTREMUS SPINOSUS,spinosus,Eumicrotremus,Cyclopteridae,Scorpaeniformes,Actinopterygii,Pisces,Vertebrata,Chordata,Animalia,Eumicrotremus spinosus,Atlantic spiny lumpsuckerOPISTHONEMA OGLINUM,oglinum,Opisthonema,Clupeidae,Clupeiformes,Actinopterygii,Pisces,Vertebrata,Chordata,Animalia,Opisthonema oglinum,Atlantic thread herringPOLYDACTYLUS OCTOEMUS,octonemus,Polydactylus,Polynemidae,Perciformes,Actinopterygii,Osteichthyes,Vertebrata,Chordata,Animalia,Polydactylus octoemus,Atlantic threadfinANARHICHAS LUPUS,lupus,Anarhichas,Anarhichadidae,Perciformes,Actinopterygii,Pisces,Vertebrata,Chordata,Animalia,Anarhichas lupus,Atlantic wolffishAnarhichas lupus,lupus,Anarhichas,Anarhichadidae,Perciformes,Actinopterygii,Pisces,Vertebrata,Chordata,Animalia,Anarhichas lupus,Atlantic wolffishALEPOCEPHALUS BAIRDII,bairdii,Alepocephalus,Alepocephalidae,Osmeriformes,Actinopterygii,Pisces,Vertebrata,Chordata,Animalia,Alepocephalus bairdii,Baird's smoothheadBalanus sp.,NA,Balanus,Balanidae,Sessilia,Maxillopoda,NA,Crustacea,Arthropoda,Animalia,Balanus,BarnacleOccella dodecaedron,dodecaedron,Occella,Agonidae,Scorpaeniformes,Actinopterygii,Pisces,Vertebrata,Chordata,Animalia,Occella dodecaedron,Bering poacherOccelladodecaedron,dodecaedron,Occella,Agonidae,Scorpaeniformes,Actinopterygii,Pisces,Vertebrata,Chordata,Animalia,Occella dodecaedron,Bering poacherAnarhichas orientalis,orientalis,Anarhichas,Anarhichadidae,Perciformes,Actinopterygii,Pisces,Vertebrata,Chordata,Animalia,Anarhichas orientalis,Bering wolffishAnarhichasorientalis,orientalis,Anarhichas,Anarhichadidae,Perciformes,Actinopterygii,Pisces,Vertebrata,Chordata,Animalia,Anarhichas orientalis,Bering wolffishGonatopsis borealis,borealis,Gonatopsis,Gonatidae,Teuthida,Cephalopoda,NA,NA,Mollusca,Animalia,Gonatopsis borealis,Boreopacific gonate squidRaja inornata,inornata,Raja,Rajidae,Rajiformes,Chondrichthyes,Chondrichthyes,Vertebrata,Chordata,Animalia,Raja inornata,California rayOncorhynchus tshawytscha,tshawytscha,Oncorhynchus,Salmonidae,Salmoniformes,Actinopterygii,Pisces,Vertebrata,Chordata,Animalia,Oncorhynchus tshawytscha,Chinook salmonOncorhynchustshawytscha,tshawytscha,Oncorhynchus,Salmonidae,Salmoniformes,Actinopterygii,Pisces,Vertebrata,Chordata,Animalia,Oncorhynchus tshawytscha,Chinook salmonCeramaster patagonicus,patagonicus,Ceramaster,Goniasteridae,Valvatida,Asteroidea,NA,Asterozoa,Echinodermata,Animalia,Ceramaster patagonicus,Cookie StarCeramaster sp.,NA,Ceramaster,Goniasteridae,Valvatida,Asteroidea,NA,Asterozoa,Echinodermata,Animalia,Ceramaster,Cookie StarCeramaster spp.,NA,Ceramaster,Goniasteridae,Valvatida,Asteroidea,NA,Asterozoa,Echinodermata,Animalia,Ceramaster,Cookie StarOphiopholis spp.,NA,Ophiopholis,Ophiactidae,Ophiurida,Ophiuroidea,NA,Asterozoa,Echinodermata,Animalia,Ophiopholis,Crevice brittlestarMicrostomus pacificus,pacificus,Microstomus,Pleuronectidae,Pleuronectiformes,Actinopterygii,Pisces,Vertebrata,Chordata,Animalia,Microstomus pacificus,Dover soleMicrostomuspacificus,pacificus,Microstomus,Pleuronectidae,Pleuronectiformes,Actinopterygii,Pisces,Vertebrata,Chordata,Animalia,Microstomus pacificus,Dover solePandalus sp.,NA,Pandalus,Pandalidae,Decapoda,Malacostraca,NA,Crustacea,Arthropoda,Animalia,Pandalus,DybhavsrejeOctopus rubescens,rubescens,Octopus,Octopodidae,Octopoda,Cephalopoda,NA,NA,Mollusca,Animalia,Octopus rubescens,East Pacific red octopusParophrys vetulus,vetulus,Parophrys,Pleuronectidae,Pleuronectiformes,Actinopterygii,Pisces,Vertebrata,Chordata,Animalia,Parophrys vetulus,English soleParophrysvetulus,vetulus,Parophrys,Pleuronectidae,Pleuronectiformes,Actinopterygii,Pisces,Vertebrata,Chordata,Animalia,Parophrys vetulus,English soleLYCODES ESMARKI,esmarkii,Lycodes,Zoarcidae,Perciformes,Actinopterygii,Pisces,Vertebrata,Chordata,Animalia,Lycodes esmarkii,Esmark's eelpoutOVALIPES FLORIDAUS,floridanus,Ovalipes,Portunidae,Decapoda,Malacostraca,NA,Crustacea,Arthropoda,Animalia,Ovalipes floridaus,Florida lady crabgastropod eggs,NA,NA,NA,NA,Gastropoda,NA,NA,Mollusca,Animalia,Gastropod eggs,Gastropod eggsgastropodeggs,NA,NA,NA,NA,Gastropoda,NA,NA,Mollusca,Animalia,Gastropod eggs,Gastropod eggsPisaster brevispinus,brevispinus,Pisaster,Asteriidae,Forcipulatida,Asteroidea,NA,Asterozoa,Echinodermata,Animalia,Pisaster brevispinus,Giant Pink Sea StarHexactinellida,NA,NA,NA,NA,Hexactinellida,NA,NA,Porifera,Animalia,Hexactinellida,a sea spongeSerripes groenlandicus,groenlandicus,Serripes,Cardiidae,Veneroida,Bivalvia,NA,NA,Mollusca,Animalia,Serripes groenlandicus,Greenland cockleSerripesgroenlandicus,groenlandicus,Serripes,Cardiidae,Veneroida,Bivalvia,NA,NA,Mollusca,Animalia,Serripes groenlandicus,Greenland cockleREINHARDTIUS HIPPOGLOSSOIDES,hippoglossoides,Reinhardtius,Pleuronectidae,Pleuronectiformes,Actinopterygii,Pisces,Vertebrata,Chordata,Animalia,Reinhardtius hippoglossoides,Greenland halibutReinhardtius hippoglossoides,hippoglossoides,Reinhardtius,Pleuronectidae,Pleuronectiformes,Actinopterygii,Pisces,Vertebrata,Chordata,Animalia,Reinhardtius hippoglossoides,Greenland halibutReinhardtiushippoglossoides,hippoglossoides,Reinhardtius,Pleuronectidae,Pleuronectiformes,Actinopterygii,Pisces,Vertebrata,Chordata,Animalia,Reinhardtius hippoglossoides,Greenland halibutEUALUS MACILENTUS,macilentus,Eualus,Hippolytidae,Decapoda,Malacostraca,NA,Crustacea,Arthropoda,Animalia,Eualus macilentus,Greenland shrimpTritonia sp.,NA,Tritonia,Tritoniidae,Nudibranchia,Gastropoda,NA,NA,Mollusca,Animalia,Tritonia,a nudibranchSerripes sp.,NA,Serripes,Cardiidae,Veneroida,Bivalvia,NA,NA,Mollusca,Animalia,Serripes,a cockleCITHARICHTHYS ARCTIFRONS,arctifrons,Citharichthys,Paralichthyidae,Pleuronectiformes,Actinopterygii,Osteichthyes,Vertebrata,Chordata,Animalia,Citharichthys arctifrons,Gulf Stream flounderCAULOLATILUS ITERMEDIUS,intermedius,Caulolatilus,Malacanthidae,Perciformes,Actinopterygii,Osteichthyes,Vertebrata,Chordata,Animalia,Caulolatilus itermedius,Gulf bareye tilefishPEPRILUS BURTI,burti,Peprilus,Stromateidae,Perciformes,Actinopterygii,Pisces,Vertebrata,Chordata,Animalia,Peprilus burti,Gulf butterfishRAIOIDES LOUISIAESIS,louisianensis,Raninoides,Raninidae,Decapoda,Malacostraca,NA,Crustacea,Arthropoda,Animalia,Raioides louisiaesis,Gulf frog crabRANINOIDES LOUISIANENSIS,louisianensis,Raninoides,Raninidae,Decapoda,Malacostraca,NA,Crustacea,Arthropoda,Animalia,Raninoides louisianensis,Gulf frog crabUROPHYCIS CIRRATUS,cirrata,Urophycis,Phycidae,Gadiformes,Actinopterygii,Pisces,Vertebrata,Chordata,Animalia,Urophycis cirrata,Gulf hakeBREVOORTIA PATRONUS,patronus,Brevoortia,Clupeidae,Clupeiformes,Actinopterygii,Pisces,Vertebrata,Chordata,Animalia,Brevoortia patronus,Gulf menhadenGYMACHIRUS TEXAE,texae,Gymnachirus,Achiridae,Pleuronectiformes,Actinopterygii,Osteichthyes,Vertebrata,Chordata,Animalia,Gymachirus texae,Gulf of Mexico fringed soleACYLOPSETTA QUADROCELLATA,NA,NA,NA,NA,NA,NA,NA,NA,NA,Acylopsetta quadrocellata,Gulf of Mexico ocellated flounderANCYLOPSETTA QUADROCELLATA,ommata,Ancylopsetta,Bothidae,Pleuronectiformes,Actinopterygii,Pisces,Vertebrata,Chordata,Animalia,Ancylopsetta ommata,Gulf of Mexico ocellated flounderGephyreaster swifti,swifti,Gephyreaster,Goniasteridae,Valvatida,Asteroidea,NA,Asterozoa,Echinodermata,Animalia,Gephyreaster swifti,Gunpowder StarPtilosarcus gurneyi,gurneyi,Ptilosarcus,Pennatulidae,Pennatulacea,Anthozoa,NA,Anthozoa,Cnidaria,Animalia,Ptilosarcus gurneyi,Gurney's sea penStyela rustica,rustica,Styela,Styelidae,Pleurogona,Ascidiacea,NA,Urochordata,Chordata,Animalia,Styela rustica,a sea potatoCHLAMYS ISLANDICA,islandica,Chlamys,Pectinidae,Pectinoida,Bivalvia,NA,NA,Mollusca,Animalia,Chlamys islandica,Iceland scallopCANCER BOREALIS,borealis,Cancer,Cancridae,Decapoda,Malacostraca,NA,Crustacea,Arthropoda,Animalia,Cancer borealis,Jonah crabBoltenia sp.,NA,Boltenia,Pyuridae,Pleurogona,Ascidiacea,NA,Urochordata,Chordata,Animalia,Boltenia,a sea squirtAtheresthes evermanni,NA,NA,NA,NA,NA,NA,NA,NA,NA,Atheresthes evermanni,Kamchatka flounderHalichondria panicea,panicea,Halichondria,Halichondriidae,Halichondrida,Demospongiae,NA,NA,Porifera,Animalia,Halichondria panicea,KlumpenschwammDermasterias imbricata,imbricata,Dermasterias,Poraniidae,Spinulosida,Asteroidea,NA,Asterozoa,Echinodermata,Animalia,Dermasterias imbricata,Leather starLEPOPHIDIUM JEAAE,NA,Lepophidium,Ophidiidae,Ophidiiformes,Actinopterygii,Osteichthyes,Vertebrata,Chordata,Animalia,Lepophidium jeaae,Leopard cusk eelCYCLOPSETTA CHITTEDEI,chittendeni,Cyclopsetta,Paralichthyidae,Pleuronectiformes,Actinopterygii,Osteichthyes,Vertebrata,Chordata,Animalia,Cyclopsetta chittedei,Mexican flounderCYCLOPSETTA CHITTENDENI,chittendeni,Cyclopsetta,Paralichthyidae,Pleuronectiformes,Actinopterygii,Pisces,Vertebrata,Chordata,Animalia,Cyclopsetta chittendeni,Mexican flounderPRIONOTUS PARALATUS,paralatus,Prionotus,Triglidae,Scorpaeniformes,Actinopterygii,Pisces,Vertebrata,Chordata,Animalia,Prionotus paralatus,Mexican searobinPRIOOTUS PARALATUS,paralatus,Prionotus,Triglidae,Scorpaeniformes,Actinopterygii,Osteichthyes,Vertebrata,Chordata,Animalia,Priootus paralatus,Mexican searobinREILLA MULLERI,muelleri,Renilla,Renillidae,Pennatulacea,Anthozoa,NA,Anthozoa,Cnidaria,Animalia,Reilla mulleri,Mueller's sea pansyLOLIGO,NA,Loligo,Loliginidae,Teuthida,Cephalopoda,NA,NA,Mollusca,Animalia,Loligo,Nordischer KalmarEnteroctopus dofleini,dofleini,Enteroctopus,Octopodidae,Octopoda,Cephalopoda,NA,NA,Mollusca,Animalia,Enteroctopus dofleini,North Pacific giant octopusAsterias amurensis,amurensis,Asterias,Asteriidae,Forcipulatida,Asteroidea,NA,Asterozoa,Echinodermata,Animalia,Asterias amurensis,North Pacific seastarAsteriasamurensis,amurensis,Asterias,Asteriidae,Forcipulatida,Asteroidea,NA,Asterozoa,Echinodermata,Animalia,Asterias amurensis,North Pacific seastarLITHODES MAJA,maja,Lithodes,Lithodidae,Decapoda,Malacostraca,NA,Crustacea,Arthropoda,Animalia,Lithodes maja,Norway king crabClinocardium sp.,NA,Clinocardium,Cardiidae,Veneroida,Bivalvia,NA,NA,Mollusca,Animalia,Clinocardium,Nuttall cockleBenthoctopus spp.,NA,Benthoctopus,Octopodidae,Octopoda,Cephalopoda,NA,NA,Mollusca,Animalia,Benthoctopus,OctopusCalinaticina oldroydii,oldroydii,Calinaticina,Naticidae,Neotaenioglossa,Gastropoda,NA,NA,Mollusca,Animalia,Calinaticina oldroydii,Oldroyd's Fragile Moon SnailFusitriton oregonensis,oregonensis,Fusitriton,Ranellidae,Littorinimorpha,Gastropoda,NA,NA,Mollusca,Animalia,Fusitriton oregonensis,Oregon tritonFusitritonoregonensis,oregonensis,Fusitriton,Ranellidae,Littorinimorpha,Gastropoda,NA,NA,Mollusca,Animalia,Fusitriton oregonensis,Oregon tritonArgentina sialis,sialis,Argentina,Argentinidae,Osmeriformes,Actinopterygii,Osteichthyes,Vertebrata,Chordata,Animalia,Argentina sialis,Pacific argentineHenricia leviuscula,leviuscula,Henricia,Echinasteridae,Spinulosida,Asteroidea,NA,Asterozoa,Echinodermata,Animalia,Henricia leviuscula,Pacific blood starGadus macrocephalus,macrocephalus,Gadus,Gadidae,Gadiformes,Actinopterygii,Pisces,Vertebrata,Chordata,Animalia,Gadus macrocephalus,Pacific codGadusmacrocephalus,macrocephalus,Gadus,Gadidae,Gadiformes,Actinopterygii,Pisces,Vertebrata,Chordata,Animalia,Gadus macrocephalus,Pacific codTorpedo californica,californica,Torpedo,Torpedinidae,Torpediniformes,Elasmobranchii,Pisces,Vertebrata,Chordata,Animalia,Torpedo californica,Pacific electric rayPasiphaea pacifica,pacifica,Pasiphaea,Pasiphaeidae,Decapoda,Malacostraca,NA,Crustacea,Arthropoda,Animalia,Pasiphaea pacifica,Pacific glass shrimpPasiphaeapacifica,pacifica,Pasiphaea,Pasiphaeidae,Decapoda,Malacostraca,NA,Crustacea,Arthropoda,Animalia,Pasiphaea pacifica,Pacific glass shrimpEptatretus stouti,stoutii,Eptatretus,Myxinidae,Myxiniformes,Myxini,NA,Vertebrata,Chordata,Animalia,Eptatretus stouti,Pacific hagfishMerluccius productus,productus,Merluccius,Merlucciidae,Gadiformes,Actinopterygii,Pisces,Vertebrata,Chordata,Animalia,Merluccius productus,Pacific hakeHippoglossus stenolepis,stenolepis,Hippoglossus,Pleuronectidae,Pleuronectiformes,Actinopterygii,Pisces,Vertebrata,Chordata,Animalia,Hippoglossus stenolepis,Pacific halibutHippoglossusstenolepis,stenolepis,Hippoglossus,Pleuronectidae,Pleuronectiformes,Actinopterygii,Pisces,Vertebrata,Chordata,Animalia,Hippoglossus stenolepis,Pacific halibutClupea pallasi,pallasii,Clupea,Clupeidae,Clupeiformes,Actinopterygii,Pisces,Vertebrata,Chordata,Animalia,Clupea pallasii,Pacific herringClupeapallasi,pallasii,Clupea,Clupeidae,Clupeiformes,Actinopterygii,Pisces,Vertebrata,Chordata,Animalia,Clupea pallasii,Pacific herringHyas lyratus,lyratus,Hyas,Oregoniidae,Decapoda,Malacostraca,NA,Crustacea,Arthropoda,Animalia,Hyas lyratus,Pacific lyre crabHyaslyratus,lyratus,Hyas,Oregoniidae,Decapoda,Malacostraca,NA,Crustacea,Arthropoda,Animalia,Hyas lyratus,Pacific lyre crabSebastes alutus,alutus,Sebastes,Sebastidae,Scorpaeniformes,Actinopterygii,Pisces,Vertebrata,Chordata,Animalia,Sebastes alutus,Pacific ocean perchSebastesalutus,alutus,Sebastes,Sebastidae,Scorpaeniformes,Actinopterygii,Pisces,Vertebrata,Chordata,Animalia,Sebastes alutus,Pacific ocean perchPeprilus simillimus,simillimus,Peprilus,Stromateidae,Perciformes,Actinopterygii,Osteichthyes,Vertebrata,Chordata,Animalia,Peprilus simillimus,Pacific pompanoAmmodytes hexapterus,hexapterus,Ammodytes,Ammodytidae,Perciformes,Actinopterygii,Pisces,Vertebrata,Chordata,Animalia,Ammodytes hexapterus,Pacific sand lanceAmmodyteshexapterus,hexapterus,Ammodytes,Ammodytidae,Perciformes,Actinopterygii,Pisces,Vertebrata,Chordata,Animalia,Ammodytes hexapterus,Pacific sand lancePsettichthys melanostictus,melanostictus,Psettichthys,Pleuronectidae,Pleuronectiformes,Actinopterygii,Osteichthyes,Vertebrata,Chordata,Animalia,Psettichthys melanostictus,Pacific sand soleCitharichthys sordidus,sordidus,Citharichthys,Paralichthyidae,Pleuronectiformes,Actinopterygii,Pisces,Vertebrata,Chordata,Animalia,Citharichthys sordidus,Pacific sanddabTrichodon trichodon,trichodon,Trichodon,Trichodontidae,Perciformes,Actinopterygii,Osteichthyes,Vertebrata,Chordata,Animalia,Trichodon trichodon,Pacific sandfishTrichodontrichodon,trichodon,Trichodon,Trichodontidae,Perciformes,Actinopterygii,Pisces,Vertebrata,Chordata,Animalia,Trichodon trichodon,Pacific sandfishAnisodoris nobilis,nobilis,Anisodoris,Discodorididae,Nudibranchia,Gastropoda,NA,NA,Mollusca,Animalia,Anisodoris nobilis,Pacific sea-lemonSomniosus pacificus,pacificus,Somniosus,Dalatiidae,Squaliformes,Elasmobranchii,Pisces,Vertebrata,Chordata,Animalia,Somniosus pacificus,Pacific sleeper sharkSomniosuspacificus,pacificus,Somniosus,Dalatiidae,Squaliformes,Elasmobranchii,Pisces,Vertebrata,Chordata,Animalia,Somniosus pacificus,Pacific sleeper sharkEumicrotremus orbis,orbis,Eumicrotremus,Cyclopteridae,Scorpaeniformes,Actinopterygii,Pisces,Vertebrata,Chordata,Animalia,Eumicrotremus orbis,Pacific spiny lumpsuckerEumicrotremusorbis,orbis,Eumicrotremus,Cyclopteridae,Scorpaeniformes,Actinopterygii,Pisces,Vertebrata,Chordata,Animalia,Eumicrotremus orbis,Pacific spiny lumpsuckerLeptocottus armatus,armatus,Leptocottus,Cottidae,Scorpaeniformes,Actinopterygii,Pisces,Vertebrata,Chordata,Animalia,Leptocottus armatus,Pacific staghorn sculpinMicrogadus proximus,proximus,Microgadus,Gadidae,Gadiformes,Actinopterygii,Pisces,Vertebrata,Chordata,Animalia,Microgadus proximus,Pacific tomcodMicrogadusproximus,proximus,Microgadus,Gadidae,Gadiformes,Actinopterygii,Pisces,Vertebrata,Chordata,Animalia,Microgadus proximus,Pacific tomcodChauliodus macouni,macouni,Chauliodus,Stomiidae,Stomiiformes,Actinopterygii,Osteichthyes,Vertebrata,Chordata,Animalia,Chauliodus macouni,Pacific viperfishChauliodusmacouni,macouni,Chauliodus,Stomiidae,Stomiiformes,Actinopterygii,Pisces,Vertebrata,Chordata,Animalia,Chauliodus macouni,Pacific viperfishNeptunea pribiloffensis,pribiloffensis,Neptunea,Buccinidae,Neogastropoda,Gastropoda,NA,NA,Mollusca,Animalia,Neptunea pribiloffensis,Pribilof whelkNeptuneapribiloffensis,pribiloffensis,Neptunea,Buccinidae,Neogastropoda,Gastropoda,NA,NA,Mollusca,Animalia,Neptunea pribiloffensis,Pribilof whelkStrongylocentrotus spp.,NA,Strongylocentrotus,Strongylocentrotidae,Echinoida,Echinoidea,NA,Echinozoa,Echinodermata,Animalia,Strongylocentrotus,PurpurseeigelNatica sp.,NA,Natica,Naticidae,Neotaenioglossa,Gastropoda,NA,NA,Mollusca,Animalia,Natica,Red-Banded Moon SnailLimanda sakhalinensis,sakhalinensis,Limanda,Pleuronectidae,Pleuronectiformes,Actinopterygii,Osteichthyes,Vertebrata,Chordata,Animalia,Limanda sakhalinensis,Sakhalin soleSABINEA SARSI,sarsi,Sabinea,Crangonidae,Decapoda,Malacostraca,NA,Crustacea,Arthropoda,Animalia,Sabinea sarsi,Sars shrimpPsolus sp.,NA,Psolus,Psolidae,Dendrochirotida,Holothuroidea,NA,Echinozoa,Echinodermata,Animalia,Psolus,Schuppen-SeegurkeCHAULIODUS SLOANI,sloani,Chauliodus,Stomiidae,Stomiiformes,Actinopterygii,Pisces,Vertebrata,Chordata,Animalia,Chauliodus sloani,Sloane's viperfishCrossaster papposus,papposus,Crossaster,Solasteridae,Spinulosida,Asteroidea,NA,Asterozoa,Echinodermata,Animalia,Crossaster papposus,SonnensternCrossaster sp.,NA,Crossaster,Solasteridae,Spinulosida,Asteroidea,NA,Asterozoa,Echinodermata,Animalia,Crossaster,SonnensternSardinops sagax,sagax,Sardinops,Clupeidae,Clupeiformes,Actinopterygii,Osteichthyes,Vertebrata,Chordata,Animalia,Sardinops sagax,South American pilchardSolaster stimpsoni,stimpsoni,Solaster,Solasteridae,Spinulosida,Asteroidea,NA,Asterozoa,Echinodermata,Animalia,Solaster stimpsoni,Stimpsons SonnensternChionoecetes bairdi,bairdi,Chionoecetes,Oregoniidae,Decapoda,Malacostraca,NA,Crustacea,Arthropoda,Animalia,Chionoecetes bairdi,Tanner crabChionoecetesbairdi,bairdi,Chionoecetes,Oregoniidae,Decapoda,Malacostraca,NA,Crustacea,Arthropoda,Animalia,Chionoecetes bairdi,Tanner crabLYCODES VAHLII,vahlii,Lycodes,Zoarcidae,Perciformes,Actinopterygii,Pisces,Vertebrata,Chordata,Animalia,Lycodes vahlii,Vahl's eelpoutMediaster aequalis,aequalis,Mediaster,Goniasteridae,Valvatida,Asteroidea,NA,Asterozoa,Echinodermata,Animalia,Mediaster aequalis,Vermilion starMediaster spp.,NA,Mediaster,Goniasteridae,Valvatida,Asteroidea,NA,Asterozoa,Echinodermata,Animalia,Mediaster,Vermilion starTellina lutea,lutea,Tellina,Tellinidae,Veneroida,Bivalvia,NA,NA,Mollusca,Animalia,Tellina lutea,alaska great tellinALOSA PSEUDOHARENGUS,pseudoharengus,Alosa,Clupeidae,Clupeiformes,Actinopterygii,Pisces,Vertebrata,Chordata,Animalia,Alosa pseudoharengus,alewifeAlosa pseudoharengus,pseudoharengus,Alosa,Clupeidae,Clupeiformes,Actinopterygii,Pisces,Vertebrata,Chordata,Animalia,Alosa pseudoharengus,alewifeASPIDOPHOROIDES MONOPTERYGIUS,monopterygius,Aspidophoroides,Agonidae,Scorpaeniformes,Actinopterygii,Pisces,Vertebrata,Chordata,Animalia,Aspidophoroides monopterygius,alligatorfishCAULOLATILUS INTERMEDIUS,intermedius,Caulolatilus,Malacanthidae,Perciformes,Actinopterygii,Pisces,Vertebrata,Chordata,Animalia,Caulolatilus intermedius,anchor tilefishACTINARIA,NA,NA,NA,Actiniaria,Anthozoa,NA,NA,Cnidaria,Animalia,Actiniaria spp.,anemonesActiniaria,NA,NA,NA,Actiniaria,Anthozoa,NA,Anthozoa,Cnidaria,Animalia,Actiniaria spp.,anemonesBuccinum angulosum,angulosum,Buccinum,Buccinidae,Neogastropoda,Gastropoda,NA,NA,Mollusca,Animalia,Buccinum angulosum,angular whelkBREGMACEROS ATLANTICUS,atlanticus,Bregmaceros,Bregmacerotidae,Gadiformes,Actinopterygii,Pisces,Vertebrata,Chordata,Animalia,Bregmaceros atlanticus,antenna codletBREGMACEROS ATLATICUS,atlanticus,Bregmaceros,Bregmacerotidae,Gadiformes,Actinopterygii,Osteichthyes,Vertebrata,Chordata,Animalia,Bregmaceros atlaticus,antenna codletArgis sp.,NA,Argis,Crangonidae,Decapoda,Malacostraca,NA,Crustacea,Arthropoda,Animalia,Argis spp.,argid shrimpsArgissp.,NA,Argis,Crangonidae,Decapoda,Malacostraca,NA,Crustacea,Arthropoda,Animalia,Argis spp.,argid shrimpsPlatymera gaudichaudii,gaudichaudii,Platymera,Calappidae,Decapoda,Malacostraca,NA,Crustacea,Arthropoda,Animalia,Platymera gaudichaudii,armed box crabGONATUS  SP.,NA,Gonatus,Gonatidae,Oegopsida,Cephalopoda,NA,NA,Mollusca,Animalia,Gonatus spp.,armhook squidsPERISTEDION MINIATUM,miniatum,Peristedion,Triglidae,Scorpaeniformes,Actinopterygii,Osteichthyes,Vertebrata,Chordata,Animalia,Peristedion miniatum,armored searobinGymnocanthus galeatus,galeatus,Gymnocanthus,Cottidae,Scorpaeniformes,Actinopterygii,Pisces,Vertebrata,Chordata,Animalia,Gymnocanthus galeatus,armorhead sculpinGymnocanthusgaleatus,galeatus,Gymnocanthus,Cottidae,Scorpaeniformes,Actinopterygii,Pisces,Vertebrata,Chordata,Animalia,Gymnocanthus galeatus,armorhead sculpinAtheresthes sp.,NA,Atheresthes,Pleuronectidae,Pleuronectiformes,Actinopterygii,Pisces,Vertebrata,Chordata,Animalia,Atheresthes spp.,arrowtooth and Kamchatka floundersAtheresthessp,NA,Atheresthes,Pleuronectidae,Pleuronectiformes,Actinopterygii,Pisces,Vertebrata,Chordata,Animalia,Atheresthes spp.,arrowtooth and Kamchatka floundersAtheresthessp.,NA,Atheresthes,Pleuronectidae,Pleuronectiformes,Actinopterygii,Pisces,Vertebrata,Chordata,Animalia,Atheresthes spp.,arrowtooth and Kamchatka floundersAtheresthes stomias,stomias,Atheresthes,Pleuronectidae,Pleuronectiformes,Actinopterygii,Pisces,Vertebrata,Chordata,Animalia,Atheresthes stomias,arrowtooth flounderAtheresthesstomias,stomias,Atheresthes,Pleuronectidae,Pleuronectiformes,Actinopterygii,Pisces,Vertebrata,Chordata,Animalia,Atheresthes stomias,arrowtooth flounderHalocynthia sp.,NA,Halocynthia,Pyuridae,Pleurogona,Ascidiacea,NA,Urochordata,Chordata,Animalia,Halocynthia,ascidi roigAplidium sp. A (Clark 2006),NA,Aplidium,Polyclinidae,Aplousobranchia,Ascidiacea,NA,Tunicata,Chordata,Animalia,Aplidium spp.,ascidiansAplidiumsp.A(Clark2006),NA,Aplidium,Polyclinidae,Aplousobranchia,Ascidiacea,NA,Tunicata,Chordata,Animalia,Aplidium spp.,ascidiansSebastes aurora,aurora,Sebastes,Scorpaenidae,Scorpaeniformes,Actinopterygii,Osteichthyes,Vertebrata,Chordata,Animalia,Sebastes aurora,aurora rockfishLARIMUS FASCIATUS,fasciatus,Larimus,Sciaenidae,Perciformes,Actinopterygii,Pisces,Vertebrata,Chordata,Animalia,Larimus fasciatus,banded drumPRIONOTUS OPHRYAS,ophryas,Prionotus,Triglidae,Scorpaeniformes,Actinopterygii,Pisces,Vertebrata,Chordata,Animalia,Prionotus ophryas,bandtail searobinPRIOOTUS OPHRYAS,ophryas,Prionotus,Triglidae,Scorpaeniformes,Actinopterygii,Osteichthyes,Vertebrata,Chordata,Animalia,Priootus ophryas,bandtail searobinOPHIDIO HOLBROOKI,holbrookii,Ophidion,Ophidiidae,Ophidiiformes,Actinopterygii,Osteichthyes,Vertebrata,Chordata,Animalia,Ophidio holbrooki,bank cusk-eelSebastes rufus,rufus,Sebastes,Sebastidae,Scorpaeniformes,Actinopterygii,Pisces,Vertebrata,Chordata,Animalia,Sebastes rufus,bank rockfishThoracica,NA,NA,NA,NA,Maxillopoda,NA,Crustacea,Arthropoda,Animalia,Thoracica,barnaclesDIPTURUS LAEVIS,laevis,Dipturus,Rajidae,Rajiformes,Chondrichthyes,Chondrichthyes,Vertebrata,Chordata,Animalia,Dipturus laevis,barndoor skatePARALEPIDIDAE,NA,NA,Paralepididae,Aulopiformes,Actinopterygii,Pisces,Vertebrata,Chordata,Animalia,Paralepididae spp.,barracudinasCOODO OBILIS,nobilis,Conodon,Haemulidae,Perciformes,Actinopterygii,Osteichthyes,Vertebrata,Chordata,Animalia,Coodo obilis,barred gruntGorgonocephalus eucnemis,eucnemis,Gorgonocephalus,Gorgonocephalidae,Euryalida,Ophiuroidea,NA,Asterozoa,Echinodermata,Animalia,Gorgonocephalus eucnemis,basket starGorgonocephaluseucnemis,eucnemis,Gorgonocephalus,Gorgonocephalidae,Euryalida,Ophiuroidea,NA,Asterozoa,Echinodermata,Animalia,Gorgonocephalus eucnemis,basket starGORGONOCEPHALIDAE,NA,NA,Gorgonocephalidae,Euryalida,Ophiuroidea,NA,Asterozoa,Echinodermata,Animalia,Gorgonocephalidae spp.,basket starsBathyrajasp,NA,Bathyraja,Rajidae,Rajiformes,Elasmobranchii,Pisces,Vertebrata,Chordata,Animalia,Bathyraja spp.,bathyrajid skatesBathyrajasp.,NA,Bathyraja,Rajidae,Rajiformes,Elasmobranchii,Pisces,Vertebrata,Chordata,Animalia,Bathyraja spp.,bathyrajid skatesANCHOA MITCHILLI,mitchilli,Anchoa,Engraulidae,Clupeiformes,Actinopterygii,Pisces,Vertebrata,Chordata,Animalia,Anchoa mitchilli,bay anchovyCITHARICHTHYS SPILOPTERUS,spilopterus,Citharichthys,Paralichthyidae,Pleuronectiformes,Actinopterygii,Pisces,Vertebrata,Chordata,Animalia,Citharichthys spilopterus,bay whiffBROTULA BARBATUM,barbata,Brotula,Ophidiidae,Ophidiiformes,Actinopterygii,Pisces,Vertebrata,Chordata,Animalia,Brotula barbata,bearded brotulaLEUCORAJA OCELLATA,ocellata,Leucoraja,Rajidae,Rajiformes,Elasmobranchii,Pisces,Vertebrata,Chordata,Animalia,Leucoraja ocellata,big skateLeucoraja ocellata,ocellata,Leucoraja,Rajidae,Rajiformes,Elasmobranchii,Pisces,Vertebrata,Chordata,Animalia,Leucoraja ocellata,big skateRaja binoculata,binoculata,Raja,Rajidae,Rajiformes,Elasmobranchii,Pisces,Vertebrata,Chordata,Animalia,Raja binoculata,big skateRajabinoculata,binoculata,Raja,Rajidae,Rajiformes,Elasmobranchii,Pisces,Vertebrata,Chordata,Animalia,Raja binoculata,big skatePRIACANTHUS ARENATUS,arenatus,Priacanthus,Priacanthidae,Perciformes,Actinopterygii,Pisces,Vertebrata,Chordata,Animalia,Priacanthus arenatus,bigeyeProtomyctophum thompsoni,thompsoni,Protomyctophum,Myctophidae,Myctophiformes,Actinopterygii,Osteichthyes,Vertebrata,Chordata,Animalia,Protomyctophum thompsoni,bigeye lanternfishBathyagonus pentacanthus,pentacanthus,Bathyagonus,Agonidae,Scorpaeniformes,Actinopterygii,Osteichthyes,Vertebrata,Chordata,Animalia,Bathyagonus pentacanthus,bigeye poacherSELAR CRUMENOPHTHALMUS,crumenophthalmus,Selar,Carangidae,Perciformes,Actinopterygii,Pisces,Vertebrata,Chordata,Animalia,Selar crumenophthalmus,bigeye scadPRIONOTUS LONGISPINOSUS,longispinosus,Prionotus,Triglidae,Scorpaeniformes,Actinopterygii,Pisces,Vertebrata,Chordata,Animalia,Prionotus longispinosus,bigeye searobinPRIOOTUS LOGISPIOSUS,longispinosus,Prionotus,Triglidae,Scorpaeniformes,Actinopterygii,Osteichthyes,Vertebrata,Chordata,Animalia,Priootus logispiosus,bigeye searobinLycodes cortezianus,cortezianus,Lycodes,Zoarcidae,Perciformes,Actinopterygii,Pisces,Vertebrata,Chordata,Animalia,Lycodes cortezianus,bigfin eelpoutPRIONOTUS TRIBULUS,tribulus,Prionotus,Triglidae,Scorpaeniformes,Actinopterygii,Pisces,Vertebrata,Chordata,Animalia,Prionotus tribulus,bighead searobinPRIOOTUS TRIBULUS,tribulus,Prionotus,Triglidae,Scorpaeniformes,Actinopterygii,Osteichthyes,Vertebrata,Chordata,Animalia,Priootus tribulus,bighead searobinHemitripterus bolini,bolini,Hemitripterus,Hemitripteridae,Scorpaeniformes,Actinopterygii,Pisces,Vertebrata,Chordata,Animalia,Hemitripterus bolini,bigmouth sculpinHemitripterusbolini,bolini,Hemitripterus,Hemitripteridae,Scorpaeniformes,Actinopterygii,Pisces,Vertebrata,Chordata,Animalia,Hemitripterus bolini,bigmouth sculpinBrachiopoda,NA,NA,NA,NA,NA,NA,NA,Brachiopoda,Animalia,Brachiopoda spp.,bivalve coelomatesBivalvia,NA,NA,NA,NA,Bivalvia,NA,NA,Mollusca,Animalia,Bivalvia spp.,bivalvesCENTROSCYLLIUM FABRICII,fabricii,Centroscyllium,Etmopteridae,Squaliformes,Elasmobranchii,Pisces,Vertebrata,Chordata,Animalia,Centroscyllium fabricii,black dogfishLycodes diapterus,diapterus,Lycodes,Zoarcidae,Perciformes,Actinopterygii,Pisces,Vertebrata,Chordata,Animalia,Lycodes diapterus,black eelpoutLycodesdiapterus,diapterus,Lycodes,Zoarcidae,Perciformes,Actinopterygii,Pisces,Vertebrata,Chordata,Animalia,Lycodes diapterus,black eelpoutEptatretus deani,deani,Eptatretus,Myxinidae,Myxiniformes,Myxini,NA,Vertebrata,Chordata,Animalia,Eptatretus deani,black hagfishSebastes melanops,melanops,Sebastes,Scorpaenidae,Scorpaeniformes,Actinopterygii,Osteichthyes,Vertebrata,Chordata,Animalia,Sebastes melanops,black rockfishSebastesmelanops,melanops,Sebastes,Sebastidae,Scorpaeniformes,Actinopterygii,Pisces,Vertebrata,Chordata,Animalia,Sebastes melanops,black rockfishCentropristis striata,striata,Centropristis,Serranidae,Perciformes,Actinopterygii,Pisces,Vertebrata,Chordata,Animalia,Centropristis striata,black sea bassCENTROPRISTIS STRIATA,striata,Centropristis,Serranidae,Perciformes,Actinopterygii,Osteichthyes,Vertebrata,Chordata,Animalia,Centropristis striata,black seabassCHIASMODON NIGER,niger,Chiasmodon,Chiasmodontidae,Perciformes,Actinopterygii,Pisces,Vertebrata,Chordata,Animalia,Chiasmodon niger,black swallowerPSEUDOPLEURONECTES AMERICANUS,americanus,Pseudopleuronectes,Pleuronectidae,Pleuronectiformes,Actinopterygii,Pisces,Vertebrata,Chordata,Animalia,Pseudopleuronectes americanus,blackbackPseudopleuronectes americanus,americanus,Pseudopleuronectes,Pleuronectidae,Pleuronectiformes,Actinopterygii,Pisces,Vertebrata,Chordata,Animalia,Pseudopleuronectes americanus,blackbackLycodes pacificus,pacificus,Lycodes,Zoarcidae,Perciformes,Actinopterygii,Osteichthyes,Vertebrata,Chordata,Animalia,Lycodes pacificus,blackbelly eelpoutHELICOLENUS DACTYLOPTERUS,dactylopterus,Helicolenus,Sebastidae,Scorpaeniformes,Actinopterygii,Pisces,Vertebrata,Chordata,Animalia,Helicolenus dactylopterus,blackbelly rosefishHelicolenus dactylopterus,dactylopterus,Helicolenus,Sebastidae,Scorpaeniformes,Actinopterygii,Pisces,Vertebrata,Chordata,Animalia,Helicolenus dactylopterus,blackbelly rosefishSYMPHURUS PLAGIUSA,plagiusa,Symphurus,Cynoglossidae,Pleuronectiformes,Actinopterygii,Pisces,Vertebrata,Chordata,Animalia,Symphurus plagiusa,blackcheek tonguefishSERRANUS ATROBRANCHUS,atrobranchus,Serranus,Serranidae,Perciformes,Actinopterygii,Pisces,Vertebrata,Chordata,Animalia,Serranus atrobranchus,blackear bassSERRAUS ATROBRACHUS,atrobranchus,Serranus,Serranidae,Perciformes,Actinopterygii,Osteichthyes,Vertebrata,Chordata,Animalia,Serraus atrobrachus,blackear bassLEPOPHIDIUM BREVIBARBE,brevibarbe,Lepophidium,Ophidiidae,Ophidiiformes,Actinopterygii,Pisces,Vertebrata,Chordata,Animalia,Lepophidium brevibarbe,blackedge cusk-eelBathyagonus nigripinnis,nigripinnis,Bathyagonus,Agonidae,Scorpaeniformes,Actinopterygii,Osteichthyes,Vertebrata,Chordata,Animalia,Bathyagonus nigripinnis,blackfin poacherBathyagonusnigripinnis,nigripinnis,Bathyagonus,Agonidae,Scorpaeniformes,Actinopterygii,Pisces,Vertebrata,Chordata,Animalia,Bathyagonus nigripinnis,blackfin poacherPRIONOTUS RUBIO,rubio,Prionotus,Triglidae,Scorpaeniformes,Actinopterygii,Pisces,Vertebrata,Chordata,Animalia,Prionotus rubio,blackfin searobinSebastes melanostomus,melanostomus,Sebastes,Scorpaenidae,Scorpaeniformes,Actinopterygii,Osteichthyes,Vertebrata,Chordata,Animalia,Sebastes melanostomus,blackgill rockfishSebastes melanostictus or Sebastes aleutianus,NA,NA,NA,NA,NA,NA,NA,NA,NA,Sebastes melanostictus or sebastes aleutianus,blackspotted rockfishCareproctus melanurus,melanurus,Careproctus,Liparidae,Scorpaeniformes,Actinopterygii,Pisces,Vertebrata,Chordata,Animalia,Careproctus melanurus,blacktail snailfishCareproctusmelanurus,melanurus,Careproctus,Liparidae,Scorpaeniformes,Actinopterygii,Pisces,Vertebrata,Chordata,Animalia,Careproctus melanurus,blacktail snailfishXeneretmus latifrons,latifrons,Xeneretmus,Agonidae,Scorpaeniformes,Actinopterygii,Osteichthyes,Vertebrata,Chordata,Animalia,Xeneretmus latifrons,blacktip poacherPRIOOTUS RUBIO,rubio,Prionotus,Triglidae,Scorpaeniformes,Actinopterygii,Osteichthyes,Vertebrata,Chordata,Animalia,Priootus rubio,blackwing searobinHenricia sp.,NA,Henricia,Echinasteridae,Spinulosida,Asteroidea,NA,Asterozoa,Echinodermata,Animalia,Henricia,a sea starHenricia spp.,NA,Henricia,Echinasteridae,Spinulosida,Asteroidea,NA,Asterozoa,Echinodermata,Animalia,Henricia,a sea starCrystallichthys cyclospilus,cyclospilus,Crystallichthys,Liparidae,Scorpaeniformes,Actinopterygii,Osteichthyes,Vertebrata,Chordata,Animalia,Crystallichthys cyclospilus,blotched snailfishPORTUNUS SPINIMANUS,spinimanus,Achelous,Portunidae,Decapoda,Malacostraca,NA,Crustacea,Arthropoda,Animalia,Achelous spinimanus,blotched swimming crabPORTUUS SPIIMAUS,spinimanus,Portunus,Portunidae,Decapoda,Malacostraca,NA,Crustacea,Arthropoda,Animalia,Portuus spiimaus,blotched swimming crabCALLIECTES SAPIDUS,sapidus,Callinectes,Portunidae,Decapoda,Malacostraca,NA,Crustacea,Arthropoda,Animalia,Callinectes sapidus,blue crabCALLINECTES SAPIDUS,sapidus,Callinectes,Portunidae,Decapoda,Malacostraca,NA,Crustacea,Arthropoda,Animalia,Callinectes sapidus,blue crabANTIMORA ROSTRATA,rostrata,Antimora,Moridae,Gadiformes,Actinopterygii,Pisces,Vertebrata,Chordata,Animalia,Antimora rostrata,blue hakeParalithodes platypus,platypus,Paralithodes,Lithodidae,Decapoda,Malacostraca,NA,Crustacea,Arthropoda,Animalia,Paralithodes platypus,blue king crabParalithodesplatypus,platypus,Paralithodes,Lithodidae,Decapoda,Malacostraca,NA,Crustacea,Arthropoda,Animalia,Paralithodes platypus,blue king crabCARANX CRYSOS,crysos,Caranx,Carangidae,Perciformes,Actinopterygii,Pisces,Vertebrata,Chordata,Animalia,Caranx crysos,blue runnerCARAX CRYSOS,crysos,Caranx,Carangidae,Perciformes,Actinopterygii,Osteichthyes,Vertebrata,Chordata,Animalia,Carax crysos,blue runnerALOSA AESTIVALIS,aestivalis,Alosa,Clupeidae,Clupeiformes,Actinopterygii,Pisces,Vertebrata,Chordata,Animalia,Alosa aestivalis,blueback herringAlosa aestivalis,aestivalis,Alosa,Clupeidae,Clupeiformes,Actinopterygii,Pisces,Vertebrata,Chordata,Animalia,Alosa aestivalis,blueback herringPOMATOMUS SALTATRIX,saltatrix,Pomatomus,Pomatomidae,Perciformes,Actinopterygii,Osteichthyes,Vertebrata,Chordata,Animalia,Pomatomus saltatrix,bluefishPRIONOTUS ROSEUS,roseus,Prionotus,Triglidae,Scorpaeniformes,Actinopterygii,Pisces,Vertebrata,Chordata,Animalia,Prionotus roseus,bluespotted searobinPRIOOTUS ROSEUS,roseus,Prionotus,Triglidae,Scorpaeniformes,Actinopterygii,Osteichthyes,Vertebrata,Chordata,Animalia,Priootus roseus,bluespotted searobinHEMICARAX AMBLYRHYCHUS,amblyrhynchus,Hemicaranx,Carangidae,Perciformes,Actinopterygii,Osteichthyes,Vertebrata,Chordata,Animalia,Hemicarax amblyrhychus,bluntnose jackHexanchus griseus,griseus,Hexanchus,Hexanchidae,Hexanchiformes,Chondrichthyes,Chondrichthyes,Vertebrata,Chordata,Animalia,Hexanchus griseus,bluntnose sixgill sharkSTOMIAS BOA FEROX,ferox,Stomias,Stomiidae,Stomiiformes,Actinopterygii,Pisces,Vertebrata,Chordata,Animalia,Stomias boa ferox,boa dragonfishROSSIINAE,NA,NA,Sepiolidae,Sepiolida,Cephalopoda,NA,NA,Mollusca,Animalia,Rossiinae spp.,bobtail squidsSebastes paucispinis,paucispinis,Sebastes,Sebastidae,Scorpaeniformes,Actinopterygii,Pisces,Vertebrata,Chordata,Animalia,Sebastes paucispinis,bocaccioOphiuroidea,NA,NA,NA,NA,Ophiuroidea,NA,Asterozoa,Echinodermata,Animalia,Ophiuroidea,brittle starsSerripes laperousii,laperousii,Serripes,Cardiidae,Veneroida,Bivalvia,NA,NA,Mollusca,Animalia,Serripes laperousii,broad cockleACHOA HEPSETUS,hepsetus,Anchoa,Engraulidae,Clupeiformes,Actinopterygii,Osteichthyes,Vertebrata,Chordata,Animalia,Achoa hepsetus,broad-striped anchovyHemilepidotus spinosus,spinosus,Hemilepidotus,Cottidae,Scorpaeniformes,Actinopterygii,Osteichthyes,Vertebrata,Chordata,Animalia,Hemilepidotus spinosus,brown Irish lordLopholithodes foraminatus,foraminatus,Lopholithodes,Lithodidae,Decapoda,Malacostraca,NA,Crustacea,Arthropoda,Animalia,Lopholithodes foraminatus,brown box crabLopholithodesforaminatus,foraminatus,Lopholithodes,Lithodidae,Decapoda,Malacostraca,NA,Crustacea,Arthropoda,Animalia,Lopholithodes foraminatus,brown box crabApristurus brunneus,brunneus,Apristurus,Scyliorhinidae,Carcharhiniformes,Elasmobranchii,Pisces,Vertebrata,Chordata,Animalia,Apristurus brunneus,brown cat sharkSICYONIA BREVIROSTRIS,brevirostris,Sicyonia,Sicyoniidae,Decapoda,Malacostraca,NA,Crustacea,Arthropoda,Animalia,Sicyonia brevirostris,brown rock shrimpSebastes auriculatus,auriculatus,Sebastes,Scorpaenidae,Scorpaeniformes,Actinopterygii,Osteichthyes,Vertebrata,Chordata,Animalia,Sebastes auriculatus,brown rockfishPEAEUS AZTECUS,aztecus,Farfantepenaeus,Penaeidae,Decapoda,Malacostraca,NA,Crustacea,Arthropoda,Animalia,Peaeus aztecus,brown shrimpPENAEUS AZTECUS,aztecus,Penaeus,Penaeidae,Decapoda,Malacostraca,NA,Crustacea,Arthropoda,Animalia,Penaeus aztecus,brown shrimpBryozoa,NA,NA,NA,NA,NA,NA,NA,Bryozoa,Animalia,Bryozoa spp.,bryozoan shrimpParagorgia arborea,arborea,Paragorgia,Paragorgiidae,Alcyonacea,Anthozoa,NA,Anthozoa,Cnidaria,Animalia,Paragorgia arborea,bubblegum coralIsopsetta isolepis,isolepis,Isopsetta,Pleuronectidae,Pleuronectiformes,Actinopterygii,Pisces,Vertebrata,Chordata,Animalia,Isopsetta isolepis,butter soleIsopsettaisolepis,isolepis,Isopsetta,Pleuronectidae,Pleuronectiformes,Actinopterygii,Pisces,Vertebrata,Chordata,Animalia,Isopsetta isolepis,butter solePeprilus triacanthus,triacanthus,Peprilus,Stromateidae,Perciformes,Actinopterygii,Pisces,Vertebrata,Chordata,Animalia,Peprilus triacanthus,butterfishHemilepidotus papilio,papilio,Hemilepidotus,Cottidae,Scorpaeniformes,Actinopterygii,Pisces,Vertebrata,Chordata,Animalia,Hemilepidotus papilio,butterfly sculpinHemilepidotuspapilio,papilio,Hemilepidotus,Cottidae,Scorpaeniformes,Actinopterygii,Pisces,Vertebrata,Chordata,Animalia,Hemilepidotus papilio,butterfly sculpinHEPATUS EPHELITICUS,epheliticus,Hepatus,Aethridae,Decapoda,Malacostraca,NA,Crustacea,Arthropoda,Animalia,Hepatus epheliticus,calico box crabLoligo opalescens,opalescens,Loligo,Loliginidae,Myopsida,Cephalopoda,NA,NA,Mollusca,Animalia,Loligo opalescens,california market squidSebastes pinniger,pinniger,Sebastes,Sebastidae,Scorpaeniformes,Actinopterygii,Pisces,Vertebrata,Chordata,Animalia,Sebastes pinniger,canary rockfishSebastespinniger,pinniger,Sebastes,Sebastidae,Scorpaeniformes,Actinopterygii,Pisces,Vertebrata,Chordata,Animalia,Sebastes pinniger,canary rockfishMALLOTUS VILLOSUS,villosus,Mallotus,Osmeridae,Osmeriformes,Actinopterygii,Pisces,Vertebrata,Chordata,Animalia,Mallotus villosus,capelinMallotus villosus,villosus,Mallotus,Osmeridae,Osmeriformes,Actinopterygii,Pisces,Vertebrata,Chordata,Animalia,Mallotus villosus,capelinMallotusvillosus,villosus,Mallotus,Osmeridae,Osmeriformes,Actinopterygii,Pisces,Vertebrata,Chordata,Animalia,Mallotus villosus,capelinRHIZOPRIOODO TERRAEOVAE,terraenovae,Rhizoprionodon,Carcharhinidae,Carcharhiniformes,Chondrichthyes,Chondrichthyes,Vertebrata,Chordata,Animalia,Rhizoprionodon terraenovae,Atlantic sharpnose sharkSCYLIORHINUS RETIFER,retifer,Scyliorhinus,Scyliorhinidae,Carcharhiniformes,Chondrichthyes,Chondrichthyes,Vertebrata,Chordata,Animalia,Scyliorhinus retifer,chain catsharkSebastes goodei,goodei,Sebastes,Sebastidae,Scorpaeniformes,Actinopterygii,Pisces,Vertebrata,Chordata,Animalia,Sebastes goodei,chilipepperPolyplacophora,NA,NA,NA,NA,Polyplacophora,NA,NA,Mollusca,Animalia,Polyplacophora,chitonsOncorhynchus keta,keta,Oncorhynchus,Salmonidae,Salmoniformes,Actinopterygii,Pisces,Vertebrata,Chordata,Animalia,Oncorhynchus keta,chum salmonOncorhynchusketa,keta,Oncorhynchus,Salmonidae,Salmoniformes,Actinopterygii,Pisces,Vertebrata,Chordata,Animalia,Oncorhynchus keta,chum salmonEUALUS GAIMARDII,gaimardii,Eualus,Hippolytidae,Decapoda,Malacostraca,NA,Crustacea,Arthropoda,Animalia,Eualus gaimardii,circumpolar eualidGonatus onyx,onyx,Gonatus,Gonatidae,Teuthida,Cephalopoda,NA,NA,Mollusca,Animalia,Gonatus onyx,clawed armhook squidRAJA EGLANTERIA,eglanteria,Raja,Rajidae,Rajiformes,Chondrichthyes,Chondrichthyes,Vertebrata,Chordata,Animalia,Raja eglanteria,clearnose skateAphrocallistes vastus,vastus,Aphrocallistes,Aphrocallistidae,Hexactinosida,Hexactinellida,NA,NA,Porifera,Animalia,Aphrocallistes vastus,cloud spongeOncorhynchus kisutch,kisutch,Oncorhynchus,Salmonidae,Salmoniformes,Actinopterygii,Pisces,Vertebrata,Chordata,Animalia,Oncorhynchus kisutch,coho salmonOncorhynchuskisutch,kisutch,Oncorhynchus,Salmonidae,Salmoniformes,Actinopterygii,Pisces,Vertebrata,Chordata,Animalia,Oncorhynchus kisutch,coho salmonFlorometra spp.,NA,Florometra,Antedonidae,Comatulida,Crinoidea,NA,Crinozoa,Echinodermata,Animalia,Florometra,common feather starEchinarachnius parma,parma,Echinarachnius,Echinarachniidae,Clypeasteroida,Echinoidea,NA,Echinozoa,Echinodermata,Animalia,Echinarachnius parma,common sand dollarPandalus hypsinotus,hypsinotus,Pandalus,Pandalidae,Decapoda,Malacostraca,NA,Crustacea,Arthropoda,Animalia,Pandalus hypsinotus,coonstriped shrimpPandalushypsinotus,hypsinotus,Pandalus,Pandalidae,Decapoda,Malacostraca,NA,Crustacea,Arthropoda,Animalia,Pandalus hypsinotus,coonstriped shrimpSebastes caurinus,caurinus,Sebastes,Scorpaenidae,Scorpaeniformes,Actinopterygii,Osteichthyes,Vertebrata,Chordata,Animalia,Sebastes caurinus,copper rockfishStomphia spp.,NA,Stomphia,Actinostolidae,Actiniaria,Anthozoa,NA,Anthozoa,Cnidaria,Animalia,Stomphia,cowardly anemoneSebastes levis,levis,Sebastes,Scorpaenidae,Scorpaeniformes,Actinopterygii,Osteichthyes,Vertebrata,Chordata,Animalia,Sebastes levis,cowcodRHIOPTERA BOASUS,bonasus,Rhinoptera,Rhinopteridae,Myliobatiformes,Chondrichthyes,Chondrichthyes,Vertebrata,Chordata,Animalia,Rhioptera boasus,cownose rayOPHIDIO WELSHI,NA,NA,NA,NA,NA,NA,NA,NA,NA,Ophidio welshi,crested cusk-eelOPHIDION WELSHI,welshi,Ophidion,Ophidiidae,Ophidiiformes,Actinopterygii,Pisces,Vertebrata,Chordata,Animalia,Ophidion welshi,crested cusk-eelCRUSTACEA SHRIMP,NA,NA,NA,NA,NA,NA,Crustacea,Arthropoda,Animalia,Crustacea shrimp,crustaceansEQUETUS UMBROSUS,umbrosus,Pareques,Sciaenidae,Perciformes,Actinopterygii,Pisces,Vertebrata,Chordata,Animalia,Pareques umbrosus,cubbyuTAUTOGOLABRUS ADSPERSUS,adspersus,Tautogolabrus,Labridae,Perciformes,Actinopterygii,Osteichthyes,Vertebrata,Chordata,Animalia,Tautogolabrus adspersus,cunnerTautogolabrus adspersus,adspersus,Tautogolabrus,Labridae,Perciformes,Actinopterygii,Pisces,Vertebrata,Chordata,Animalia,Tautogolabrus adspersus,cunnerPleuronichthys decurrens,decurrens,Pleuronichthys,Pleuronectidae,Pleuronectiformes,Actinopterygii,Pisces,Vertebrata,Chordata,Animalia,Pleuronichthys decurrens,curlfin solePteraster tesselatus,tesselatus,Pteraster,Pterasteridae,Spinulosida,Asteroidea,NA,Asterozoa,Echinodermata,Animalia,Pteraster tesselatus,cushion starBROSME BROSME,brosme,Brosme,Lotidae,Gadiformes,Actinopterygii,Pisces,Vertebrata,Chordata,Animalia,Brosme brosme,cuskBrosme brosme,brosme,Brosme,Lotidae,Gadiformes,Actinopterygii,Pisces,Vertebrata,Chordata,Animalia,Brosme brosme,cuskMyoxocephalus sp.,NA,Myoxocephalus,Cottidae,Scorpaeniformes,Actinopterygii,Pisces,Vertebrata,Chordata,Animalia,Myoxocephalus spp.,daddy sculpinsMyoxocephalussp,NA,Myoxocephalus,Cottidae,Scorpaeniformes,Actinopterygii,Pisces,Vertebrata,Chordata,Animalia,Myoxocephalus spp.,daddy sculpinsMyoxocephalussp.,NA,Myoxocephalus,Cottidae,Scorpaeniformes,Actinopterygii,Pisces,Vertebrata,Chordata,Animalia,Myoxocephalus spp.,daddy sculpinsOphiopholis aculeata,aculeata,Ophiopholis,Ophiactidae,Ophiurida,Ophiuroidea,NA,Asterozoa,Echinodermata,Animalia,Ophiopholis aculeata,daisy brittle starSebastes crameri,crameri,Sebastes,Sebastidae,Scorpaeniformes,Actinopterygii,Pisces,Vertebrata,Chordata,Animalia,Sebastes crameri,darkblotched rockfishSebastescrameri,crameri,Sebastes,Sebastidae,Scorpaeniformes,Actinopterygii,Pisces,Vertebrata,Chordata,Animalia,Sebastes crameri,darkblotched rockfishMalacocottus zonurus,zonurus,Malacocottus,Psychrolutidae,Scorpaeniformes,Actinopterygii,Pisces,Vertebrata,Chordata,Animalia,Malacocottus zonurus,darkfin sculpinMalacocottuszonurus,zonurus,Malacocottus,Psychrolutidae,Scorpaeniformes,Actinopterygii,Pisces,Vertebrata,Chordata,Animalia,Malacocottus zonurus,darkfin sculpinLUMPENUS MACULATUS,maculatus,Leptoclinus,Stichaeidae,Perciformes,Actinopterygii,Pisces,Vertebrata,Chordata,Animalia,Leptoclinus maculatus,daubed shannyLumpenus maculatus,maculatus,Leptoclinus,Stichaeidae,Perciformes,Actinopterygii,Pisces,Vertebrata,Chordata,Animalia,Leptoclinus maculatus,daubed shannyLumpenusmaculatus,maculatus,Leptoclinus,Stichaeidae,Perciformes,Actinopterygii,Pisces,Vertebrata,Chordata,Animalia,Leptoclinus maculatus,daubed shannySEBASTES MENTELLA,mentella,Sebastes,Sebastidae,Scorpaeniformes,Actinopterygii,Pisces,Vertebrata,Chordata,Animalia,Sebastes mentella,deepwater redfishUrticina spp.,NA,Urticina,Actiniidae,Actiniaria,Anthozoa,NA,Anthozoa,Cnidaria,Animalia,Urticina,a sea anemoneMusculus discors,discors,Musculus,Mytilidae,Mytiloida,Bivalvia,NA,NA,Mollusca,Animalia,Musculus discors,discordant musselLethotremus muticus,muticus,Lethotremus,Cyclopteridae,Scorpaeniformes,Actinopterygii,Osteichthyes,Vertebrata,Chordata,Animalia,Lethotremus muticus,docked snailfishCancer magister,magister,Metacarcinus,Cancridae,Decapoda,Malacostraca,NA,Crustacea,Arthropoda,Animalia,Metacarcinus magister,dungeness crabCancermagister,magister,Metacarcinus,Cancridae,Decapoda,Malacostraca,NA,Crustacea,Arthropoda,Animalia,Metacarcinus magister,dungeness crabSYACIUM PAPILLOSUM,papillosum,Syacium,Paralichthyidae,Pleuronectiformes,Actinopterygii,Pisces,Vertebrata,Chordata,Animalia,Syacium papillosum,dusky flounderSebastes variabilis,variabilis,Sebastes,Scorpaenidae,Scorpaeniformes,Actinopterygii,Osteichthyes,Vertebrata,Chordata,Animalia,Sebastes variabilis,dusky rockfishUPEEUS PARVUS,parvus,Upeneus,Mullidae,Perciformes,Actinopterygii,Osteichthyes,Vertebrata,Chordata,Animalia,Upeeus parvus,dwarf goatfishUPENEUS PARVUS,parvus,Upeneus,Mullidae,Perciformes,Actinopterygii,Pisces,Vertebrata,Chordata,Animalia,Upeneus parvus,dwarf goatfishDIPLECTRUM BIVITTATUM,bivittatum,Diplectrum,Serranidae,Perciformes,Actinopterygii,Pisces,Vertebrata,Chordata,Animalia,Diplectrum bivittatum,dwarf sand perchBrisaster spp.,NA,Brisaster,Schizasteridae,Spatangoida,Echinoidea,NA,Echinozoa,Echinodermata,Animalia,Brisaster,a sea urchinRossia pacifica,pacifica,Rossia,Sepiolidae,Sepiolida,Cephalopoda,NA,NA,Mollusca,Animalia,Rossia pacifica,eastern pacific bobtailRossiapacifica,pacifica,Rossia,Sepiolidae,Sepiolida,Cephalopoda,NA,NA,Mollusca,Animalia,Rossia pacifica,eastern pacific bobtailLycodes concolor,concolor,Lycodes,Zoarcidae,Perciformes,Actinopterygii,Pisces,Vertebrata,Chordata,Animalia,Lycodes concolor,ebony eelpoutLycodesconcolor,concolor,Lycodes,Zoarcidae,Perciformes,Actinopterygii,Pisces,Vertebrata,Chordata,Animalia,Lycodes concolor,ebony eelpoutLYCENCHELYS  SP.,NA,Lycenchelys,Zoarcidae,Perciformes,Actinopterygii,Pisces,Vertebrata,Chordata,Animalia,Lycenchelys spp.,eelpoutsZOARCIDAE,NA,NA,Zoarcidae,Perciformes,Actinopterygii,Pisces,Vertebrata,Chordata,Animalia,Zoarcidae spp.,eelpoutsThaleichthys pacificus,pacificus,Thaleichthys,Osmeridae,Osmeriformes,Actinopterygii,Pisces,Vertebrata,Chordata,Animalia,Thaleichthys pacificus,eulachonThaleichthyspacificus,pacificus,Thaleichthys,Osmeridae,Osmeriformes,Actinopterygii,Pisces,Vertebrata,Chordata,Animalia,Thaleichthys pacificus,eulachonNeptunea ventricosa,ventricosa,Neptunea,Buccinidae,Neogastropoda,Gastropoda,NA,NA,Mollusca,Animalia,Neptunea ventricosa,fat whelkNeptuneaventricosa,ventricosa,Neptunea,Buccinidae,Neogastropoda,Gastropoda,NA,NA,Mollusca,Animalia,Neptunea ventricosa,fat whelkLEPOPHIDIUM PROFUNDORUM,profundorum,Lepophidium,Ophidiidae,Ophidiiformes,Actinopterygii,Pisces,Vertebrata,Chordata,Animalia,Lepophidium profundorum,fawn cusk-eelLepophidium profundorum,profundorum,Lepophidium,Ophidiidae,Ophidiiformes,Actinopterygii,Pisces,Vertebrata,Chordata,Animalia,Lepophidium profundorum,fawn cusk-eelGYMNELIS VIRIDIS,viridis,Gymnelus,Zoarcidae,Perciformes,Actinopterygii,Pisces,Vertebrata,Chordata,Animalia,Gymnelus viridis,fish doctorSTEREOMASTIS SCULPTA,sculpta,Stereomastis,Polychelidae,Decapoda,Malacostraca,NA,Crustacea,Arthropoda,Animalia,Stereomastis sculpta,flatback lobsterHippoglossoides elassodon,elassodon,Hippoglossoides,Pleuronectidae,Pleuronectiformes,Actinopterygii,Pisces,Vertebrata,Chordata,Animalia,Hippoglossoides elassodon,flathead soleHippoglossoideselassodon,elassodon,Hippoglossoides,Pleuronectidae,Pleuronectiformes,Actinopterygii,Pisces,Vertebrata,Chordata,Animalia,Hippoglossoides elassodon,flathead soleHippoglossoides sp.,NA,Hippoglossoides,Pleuronectidae,Pleuronectiformes,Actinopterygii,Pisces,Vertebrata,Chordata,Animalia,Hippoglossoides spp.,floundersHippoglossoidessp,NA,Hippoglossoides,Pleuronectidae,Pleuronectiformes,Actinopterygii,Pisces,Vertebrata,Chordata,Animalia,Hippoglossoides spp.,floundersHippoglossoidessp.,NA,Hippoglossoides,Pleuronectidae,Pleuronectiformes,Actinopterygii,Pisces,Vertebrata,Chordata,Animalia,Hippoglossoides spp.,floundersENCHELYOPUS CIMBRIUS,cimbrius,Enchelyopus,Lotidae,Gadiformes,Actinopterygii,Pisces,Vertebrata,Chordata,Animalia,Enchelyopus cimbrius,fourbeard rocklingHypsagonus quadricornis,quadricornis,Hypsagonus,Agonidae,Scorpaeniformes,Actinopterygii,Osteichthyes,Vertebrata,Chordata,Animalia,Hypsagonus quadricornis,fourhorn poacherEUMESOGRAMMUS PRAECISUS,praecisus,Eumesogrammus,Stichaeidae,Perciformes,Actinopterygii,Pisces,Vertebrata,Chordata,Animalia,Eumesogrammus praecisus,fourline snakeblennyHippoglossina oblonga,oblonga,Hippoglossina,Paralichthyidae,Pleuronectiformes,Actinopterygii,Pisces,Vertebrata,Chordata,Animalia,Hippoglossina oblonga,fourspot flounderAllocentrotus fragilis,fragilis,Allocentrotus,Strongylocentrotidae,Echinoida,Echinoidea,NA,Echinozoa,Echinodermata,Animalia,Allocentrotus fragilis,fragile urchinVolutopsius fragilis,fragilis,Volutopsius,Buccinidae,Neogastropoda,Gastropoda,NA,NA,Mollusca,Animalia,Volutopsius fragilis,fragile whelkHOPLUIS MACRURUS,NA,NA,NA,NA,NA,NA,NA,NA,NA,Hopluis macrurus,freckled pike-congerHOPLUNNIS MACRURUS,macrura,Hoplunnis,Nettastomatidae,Anguilliformes,Actinopterygii,Pisces,Vertebrata,Chordata,Animalia,Hoplunnis macrura,freckled pike-congerSPIRONTOCARIS LILLJEBORGI,lilljeborgi,Spirontocaris,Hippolytidae,Decapoda,Malacostraca,NA,Crustacea,Arthropoda,Animalia,Spirontocaris lilljeborgi,friendly blade shrimpETROPUS CROSSOTUS,crossotus,Etropus,Paralichthyidae,Pleuronectiformes,Actinopterygii,Pisces,Vertebrata,Chordata,Animalia,Etropus crossotus,fringed flounderIcelinus fimbriatus,fimbriatus,Icelinus,Cottidae,Scorpaeniformes,Actinopterygii,Osteichthyes,Vertebrata,Chordata,Animalia,Icelinus fimbriatus,fringed sculpinGYMNACHIRUS TEXAE,texae,Gymnachirus,Achiridae,Pleuronectiformes,Actinopterygii,Pisces,Vertebrata,Chordata,Animalia,Gymnachirus texae,fringed soleGastropoda,NA,NA,NA,NA,Gastropoda,NA,NA,Mollusca,Animalia,Gastropoda spp.,gastropodsAlbatrossia pectoralis,pectoralis,Albatrossia,Macrouridae,Gadiformes,Actinopterygii,Pisces,Vertebrata,Chordata,Animalia,Albatrossia pectoralis,giant grenadierAlbatrossiapectoralis,pectoralis,Albatrossia,Macrouridae,Gadiformes,Actinopterygii,Pisces,Vertebrata,Chordata,Animalia,Albatrossia pectoralis,giant grenadierTochuina tetraquetra,tetraquetra,Tochuina,Tritoniidae,Nudibranchia,Gastropoda,NA,NA,Mollusca,Animalia,Tochuina tetraquetra,giant orange tochuiCryptacanthodes giganteus,giganteus,Cryptacanthodes,Cryptacanthodidae,Perciformes,Actinopterygii,Osteichthyes,Vertebrata,Chordata,Animalia,Cryptacanthodes giganteus,giant wrymouthCryptacanthodesgiganteus,giganteus,Cryptacanthodes,Cryptacanthodidae,Perciformes,Actinopterygii,Pisces,Vertebrata,Chordata,Animalia,Cryptacanthodes giganteus,giant wrymouthMetridium farcimen,farcimen,Metridium,Metridiidae,Actiniaria,Anthozoa,NA,Anthozoa,Cnidaria,Animalia,Metridium farcimen,gigantic anemonePASIPHAEA  SP,NA,Pasiphaea,Pasiphaeidae,Decapoda,Malacostraca,NA,Crustacea,Arthropoda,Animalia,Pasiphaea spp.,glass shrimpsPASIPHAEA  SP.,NA,Pasiphaea,Pasiphaeidae,Decapoda,Malacostraca,NA,Crustacea,Arthropoda,Animalia,Pasiphaea spp.,glass shrimpsBATHYLAGUS EURYOPS,euryops,Bathylagus,Bathylagidae,Osmeriformes,Actinopterygii,Pisces,Vertebrata,Chordata,Animalia,Bathylagus euryops,goiter blacksmeltLithodes aequispinus,aequispinus,Lithodes,Lithodidae,Decapoda,Malacostraca,NA,Crustacea,Arthropoda,Animalia,Lithodes aequispinus,golden king crabLithodesaequispinus,aequispinus,Lithodes,Lithodidae,Decapoda,Malacostraca,NA,Crustacea,Arthropoda,Animalia,Lithodes aequispinus,golden king crabSEBASTES MARINUS,norvegicus,Sebastes,Sebastidae,Scorpaeniformes,Actinopterygii,Pisces,Vertebrata,Chordata,Animalia,Sebastes norvegicus,golden redfishLOPHIUS AMERICANUS,americanus,Lophius,Lophiidae,Lophiiformes,Actinopterygii,Pisces,Vertebrata,Chordata,Animalia,Lophius americanus,goosefishLophius americanus,americanus,Lophius,Lophiidae,Lophiiformes,Actinopterygii,Pisces,Vertebrata,Chordata,Animalia,Lophius americanus,goosefishOregonia gracilis,gracilis,Oregonia,Oregoniidae,Decapoda,Malacostraca,NA,Crustacea,Arthropoda,Animalia,Oregonia gracilis,graceful decorator crabOregoniagracilis,gracilis,Oregonia,Oregoniidae,Decapoda,Malacostraca,NA,Crustacea,Arthropoda,Animalia,Oregonia gracilis,graceful decorator crabLeptasterias polaris,polaris,Leptasterias,Asteriidae,Forcipulatida,Asteroidea,NA,Asterozoa,Echinodermata,Animalia,Leptasterias polaris,grande ast̩rie polaireCrangon communis,communis,Neocrangon,Crangonidae,Decapoda,Malacostraca,NA,Crustacea,Arthropoda,Animalia,Crangon communis,gray shrimpBALISTES CAPRISCUS,capriscus,Balistes,Balistidae,Tetraodontiformes,Actinopterygii,Pisces,Vertebrata,Chordata,Animalia,Balistes capriscus,gray triggerfishMyoxocephalus polyacanthocephalus,polyacanthocephalus,Myoxocephalus,Cottidae,Scorpaeniformes,Actinopterygii,Osteichthyes,Vertebrata,Chordata,Animalia,Myoxocephalus polyacanthocephalus,great sculpinCrepidula grandis,grandis,Crepidula,Calyptraeidae,Neotaenioglossa,Gastropoda,NA,NA,Mollusca,Animalia,Crepidula grandis,great slippersnailSERIOLA DUMERILI,dumerili,Seriola,Carangidae,Perciformes,Actinopterygii,Osteichthyes,Vertebrata,Chordata,Animalia,Seriola dumerili,greater amberjackPododesmus macrochisma,macrochisma,Pododesmus,Anomiidae,Ostreoida,Bivalvia,NA,NA,Mollusca,Animalia,Pododesmus macrochisma,green falsejingleStrongylocentrotus droebachiensis,droebachiensis,Strongylocentrotus,Strongylocentrotidae,Camarodonta,Echinoidea,NA,Echinozoa,Echinodermata,Animalia,Strongylocentrotus droebachiensis,green sea urchinStrongylocentrotusdroebachiensis,droebachiensis,Strongylocentrotus,Strongylocentrotidae,Camarodonta,Echinoidea,NA,Echinozoa,Echinodermata,Animalia,Strongylocentrotus droebachiensis,green sea urchinSebastes chlorostictus,chlorostictus,Sebastes,Sebastidae,Scorpaeniformes,Actinopterygii,Pisces,Vertebrata,Chordata,Animalia,Sebastes chlorostictus,greenspotted rockfishSebastes elongatus,elongatus,Sebastes,Sebastidae,Scorpaeniformes,Actinopterygii,Pisces,Vertebrata,Chordata,Animalia,Sebastes elongatus,greenstriped rockfishSebasteselongatus,elongatus,Sebastes,Sebastidae,Scorpaeniformes,Actinopterygii,Pisces,Vertebrata,Chordata,Animalia,Sebastes elongatus,greenstriped rockfishChionoecetes tanneri,tanneri,Chionoecetes,Oregoniidae,Decapoda,Malacostraca,NA,Crustacea,Arthropoda,Animalia,Chionoecetes tanneri,grooved Tanner crabRhamphocottus richardsoni,richardsonii,Rhamphocottus,Rhamphocottidae,Scorpaeniformes,Actinopterygii,Osteichthyes,Vertebrata,Chordata,Animalia,Rhamphocottus richardsoni,grunt sculpinRhamphocottusrichardsoni,richardsonii,Rhamphocottus,Rhamphocottidae,Scorpaeniformes,Actinopterygii,Pisces,Vertebrata,Chordata,Animalia,Rhamphocottus richardsonii,grunt sculpinSPHYRAENA GUACHANCHO,guachancho,Sphyraena,Sphyraenidae,Perciformes,Actinopterygii,Pisces,Vertebrata,Chordata,Animalia,Sphyraena guachancho,guaguancheMELANOGRAMMUS AEGLEFINUS,aeglefinus,Melanogrammus,Gadidae,Gadiformes,Actinopterygii,Pisces,Vertebrata,Chordata,Animalia,Melanogrammus aeglefinus,haddockMelanogrammus aeglefinus,aeglefinus,Melanogrammus,Gadidae,Gadiformes,Actinopterygii,Pisces,Vertebrata,Chordata,Animalia,Melanogrammus aeglefinus,haddockMyxinidae,NA,NA,Myxinidae,Myxiniformes,Myxini,NA,Vertebrata,Chordata,Animalia,Myxinidae,hagfishesErimacrus isenbeckii,isenbeckii,Erimacrus,Cheiragonidae,Decapoda,Malacostraca,NA,Crustacea,Arthropoda,Animalia,Erimacrus isenbeckii,hair crabErimacrusisenbeckii,isenbeckii,Erimacrus,Cheiragonidae,Decapoda,Malacostraca,NA,Crustacea,Arthropoda,Animalia,Erimacrus isenbeckii,hair crabClinocardium ciliatum,ciliatum,Clinocardium,Cardiidae,Veneroida,Bivalvia,NA,NA,Mollusca,Animalia,Clinocardium ciliatum,hairy cockleSebastes semicinctus,semicinctus,Sebastes,Scorpaenidae,Scorpaeniformes,Actinopterygii,Osteichthyes,Vertebrata,Chordata,Animalia,Sebastes semicinctus,halfbanded rockfishARIUS FELIS,felis,Ariopsis,Ariidae,Siluriformes,Actinopterygii,Pisces,Vertebrata,Chordata,Animalia,Ariopsis felis,hardhead catfishSebastes variegatus,variegatus,Sebastes,Sebastidae,Scorpaeniformes,Actinopterygii,Pisces,Vertebrata,Chordata,Animalia,Sebastes variegatus,harlequin rockfishSebastesvariegatus,variegatus,Sebastes,Sebastidae,Scorpaeniformes,Actinopterygii,Pisces,Vertebrata,Chordata,Animalia,Sebastes variegatus,harlequin rockfishPEPRILUS ALEPIDOTUS,alepidotus,Peprilus,Stromateidae,Perciformes,Actinopterygii,Pisces,Vertebrata,Chordata,Animalia,Peprilus alepidotus,harvestfishECHINOIDEA,NA,NA,NA,NA,Echinoidea ,NA,Echinozoa,Echinodermata,Animalia,Echinoidea spp.,heart urchinsTelmessus cheiragonus,cheiragonus,Telmessus,Cheiragonidae,Decapoda,Malacostraca,NA,Crustacea,Arthropoda,Animalia,Telmessus cheiragonus,helmet crabTelmessuscheiragonus,cheiragonus,Telmessus,Cheiragonidae,Decapoda,Malacostraca,NA,Crustacea,Arthropoda,Animalia,Telmessus cheiragonus,helmet crabClinopegma magnum,magnum,Clinopegma,Buccinidae,Neogastropoda,Gastropoda,NA,NA,Mollusca,Animalia,Clinopegma magnum,helmet whelkClinopegmamagnum,magnum,Clinopegma,Buccinidae,Neogastropoda,Gastropoda,NA,NA,Mollusca,Animalia,Clinopegma magnum,helmet whelkPagurus sp.,NA,Pagurus,Paguridae,Decapoda,Malacostraca,NA,Crustacea,Arthropoda,Animalia,Pagurus,hermit crabsPagurus spp.,NA,Pagurus,Paguridae,Decapoda,Malacostraca,NA,Crustacea,Arthropoda,Animalia,Pagurus,hermit crabsParactinostola faeculenta,faeculenta,Paractinostola,Actinostolidae,Actiniaria,Anthozoa,NA,Anthozoa,Cnidaria,Animalia,Paractinostola faeculenta,hobnail vase anemoneTRIECTES MACULATUS,maculatus,Trinectes,Achiridae,Pleuronectiformes,Actinopterygii,Osteichthyes,Vertebrata,Chordata,Animalia,Triectes maculatus,hogchokerARTEDIELLUS  SP,NA,Artediellus,Cottidae,Scorpaeniformes,Actinopterygii,Pisces,Vertebrata,Chordata,Animalia,Artediellus spp.,hookear sculpinsARTEDIELLUS  SP.,NA,Artediellus,Cottidae,Scorpaeniformes,Actinopterygii,Pisces,Vertebrata,Chordata,Animalia,Artediellus spp.,hookear sculpinsBELLATOR MILITARIS,militaris,Bellator,Triglidae,Scorpaeniformes,Actinopterygii,Osteichthyes,Vertebrata,Chordata,Animalia,Bellator militaris,horned searobinPleuronichthys verticalis,verticalis,Pleuronichthys,Pleuronectidae,Pleuronectiformes,Actinopterygii,Osteichthyes,Vertebrata,Chordata,Animalia,Pleuronichthys verticalis,hornyhead turbotSOLEOCERA VIOSCAI,vioscai,Solenocera,Solenoceridae,Decapoda,Malacostraca,NA,Crustacea,Arthropoda,Animalia,Soleocera vioscai,humpback shrimpPandalus goniurus,goniurus,Pandalus,Pandalidae,Decapoda,Malacostraca,NA,Crustacea,Arthropoda,Animalia,Pandalus goniurus,humpy shrimpPandalusgoniurus,goniurus,Pandalus,Pandalidae,Decapoda,Malacostraca,NA,Crustacea,Arthropoda,Animalia,Pandalus goniurus,humpy shrimpSYNODUS FOETENS,foetens,Synodus,Synodontidae,Aulopiformes,Actinopterygii,Pisces,Vertebrata,Chordata,Animalia,Synodus foetens,inshore lizardfishSYODUS FOETES,foetens,Synodus,Synodontidae,Aulopiformes,Actinopterygii,Osteichthyes,Vertebrata,Chordata,Animalia,Syodus foetes,inshore lizardfishPORTUNUS GIBBESII,gibbesii,Portunus,Portunidae,Decapoda,Malacostraca,NA,Crustacea,Arthropoda,Animalia,Portunus gibbesii,iridescent swimming crabPORTUUS GIBBESII,gibbesii,Portunus,Portunidae,Decapoda,Malacostraca,NA,Crustacea,Arthropoda,Animalia,Portuus gibbesii,iridescent swimming crabTrachurus symmetricus,symmetricus,Trachurus,Carangidae,Perciformes,Actinopterygii,Pisces,Vertebrata,Chordata,Animalia,Trachurus symmetricus,jack mackerelSCYPHOZOA,NA,NA,NA,NA,Scyphozoa,NA,Medusozoa,Cnidaria,Animalia,Scyphozoa spp.,jellyfishesScyphozoa,NA,NA,NA,NA,Scyphozoa,NA,Medusozoa,Cnidaria,Animalia,Scyphozoa spp.,jellyfishesEUCIOSTOMUS GULA,gula,Eucinostomus,Gerreidae,Perciformes,Actinopterygii,Osteichthyes,Vertebrata,Chordata,Animalia,Euciostomus gula,jenny mojarraAforia circinata,circinata,Aforia,Cochlespiridae,Neogastropoda,Gastropoda,NA,NA,Mollusca,Animalia,Aforia circinata,keeled aforiaAforiacircinata,circinata,Aforia,Cochlespiridae,Neogastropoda,Gastropoda,NA,NA,Mollusca,Animalia,Aforia circinata,keeled aforiaHexagrammos decagrammus,decagrammus,Hexagrammos,Hexagrammidae,Scorpaeniformes,Actinopterygii,Pisces,Vertebrata,Chordata,Animalia,Hexagrammos decagrammus,kelp greenlingHexagrammosdecagrammus,decagrammus,Hexagrammos,Hexagrammidae,Scorpaeniformes,Actinopterygii,Pisces,Vertebrata,Chordata,Animalia,Hexagrammos decagrammus,kelp greenlingSCOMBEROMORUS CAVALLA,cavalla,Scomberomorus,Scombridae,Perciformes,Actinopterygii,Osteichthyes,Vertebrata,Chordata,Animalia,Scomberomorus cavalla,king mackerelPagurus confragosus,confragosus,Pagurus,Paguridae,Decapoda,Malacostraca,NA,Crustacea,Arthropoda,Animalia,Pagurus confragosus,knobbyhand hermitArgis lar,lar,Argis,Crangonidae,Decapoda,Malacostraca,NA,Crustacea,Arthropoda,Animalia,Argis lar,kuro shrimpBuccinum scalariforme,scalariforme,Buccinum,Buccinidae,Neogastropoda,Gastropoda,NA,NA,Mollusca,Animalia,Buccinum scalariforme,ladder whelkKATHETOSTOMA ALBIGUTTA,albigutta,Kathetostoma,Uranoscopidae,Perciformes,Actinopterygii,Pisces,Vertebrata,Chordata,Animalia,Kathetostoma albigutta,lancer stargazerLUTJANUS SYNAGRIS,synagris,Lutjanus,Lutjanidae,Perciformes,Actinopterygii,Pisces,Vertebrata,Chordata,Animalia,Lutjanus synagris,lane snapperMYCTOPHIDAE,NA,NA,Myctophidae,Myctophiformes,Actinopterygii,Pisces,Vertebrata,Chordata,Animalia,Myctophidae spp.,lanternfishesMyctophidae,NA,NA,Myctophidae,Myctophiformes,Actinopterygii,Pisces,Vertebrata,Chordata,Animalia,Myctophidae spp.,lanternfishesSAURIDA BRASILIENSIS,brasiliensis,Saurida,Synodontidae,Aulopiformes,Actinopterygii,Pisces,Vertebrata,Chordata,Animalia,Saurida brasiliensis,largescale lizardfishSPHOEROIDES PARVUS,parvus,Sphoeroides,Tetraodontidae,Tetraodontiformes,Actinopterygii,Pisces,Vertebrata,Chordata,Animalia,Sphoeroides parvus,least pufferPseudarchaster parelii,parelii,Pseudarchaster,Goniasteridae,Valvatida,Asteroidea,NA,Asterozoa,Echinodermata,Animalia,Pseudarchaster parelii,northern scarlet starPyrulofusus harpa,harpa,Pyrulofusus,Buccinidae,Neogastropoda,Gastropoda,NA,NA,Mollusca,Animalia,Pyrulofusus harpa,left-hand whelkPRIOOTUS SCITULUS,scitulus,Prionotus,Triglidae,Scorpaeniformes,Actinopterygii,Osteichthyes,Vertebrata,Chordata,Animalia,Priootus scitulus,leopard searobinCALLIECTES SIMILIS,similis,Callinectes,Portunidae,Decapoda,Malacostraca,NA,Crustacea,Arthropoda,Animalia,Callinectes similis,lesser blue crabCALLINECTES SIMILIS,similis,Callinectes,Portunidae,Decapoda,Malacostraca,NA,Crustacea,Arthropoda,Animalia,Callinectes similis,lesser blue crabSICYOIA DORSALIS,dorsalis,Sicyonia,Sicyoniidae,Decapoda,Malacostraca,NA,Crustacea,Arthropoda,Animalia,Sicyoia dorsalis,lesser rock shrimpSICYONIA DORSALIS,dorsalis,Sicyonia,Sicyoniidae,Decapoda,Malacostraca,NA,Crustacea,Arthropoda,Animalia,Sicyonia dorsalis,lesser rock shrimpMALACOSTEUS NIGER,niger,Malacosteus,Stomiidae,Stomiiformes,Actinopterygii,Pisces,Vertebrata,Chordata,Animalia,Malacosteus niger,lightless loosejawLUIDIA CLATHRATA,clathrata,Luidia,Luidiidae,Paxillosida,Asteroidea,NA,Asterozoa,Echinodermata,Animalia,Luidia clathrata,lined sea starHIPPOCAMPUS ERECTUS,erectus,Hippocampus,Syngnathidae,Gasterosteiformes,Actinopterygii,Osteichthyes,Vertebrata,Chordata,Animalia,Hippocampus erectus,lined seahorseOphiodon elongatus,elongatus,Ophiodon,Hexagrammidae,Scorpaeniformes,Actinopterygii,Pisces,Vertebrata,Chordata,Animalia,Ophiodon elongatus,lingcodOphiodonelongatus,elongatus,Ophiodon,Hexagrammidae,Scorpaeniformes,Actinopterygii,Pisces,Vertebrata,Chordata,Animalia,Ophiodon elongatus,lingcodCyanea capillata,capillata,Cyanea,Cyaneidae,Semaeostomeae,Scyphozoa,NA,Medusozoa,Cnidaria,Animalia,Cyanea capillata,lion's maneLEUCORAJA ERINACEA,erinacea,Leucoraja,Rajidae,Rajiformes,Chondrichthyes,Chondrichthyes,Vertebrata,Chordata,Animalia,Leucoraja erinacea,little skateHemilepidotus zapus,zapus,Hemilepidotus,Cottidae,Scorpaeniformes,Actinopterygii,Pisces,Vertebrata,Chordata,Animalia,Hemilepidotus zapus,longfin Irish lordHemilepidotuszapus,zapus,Hemilepidotus,Cottidae,Scorpaeniformes,Actinopterygii,Pisces,Vertebrata,Chordata,Animalia,Hemilepidotus zapus,longfin Irish lordTactostoma macropus,macropus,Tactostoma,Stomiidae,Stomiiformes,Actinopterygii,Osteichthyes,Vertebrata,Chordata,Animalia,Tactostoma macropus,longfin dragonfishUROPHYCIS CHESTERI,chesteri,Phycis,Phycidae,Gadiformes,Actinopterygii,Pisces,Vertebrata,Chordata,Animalia,Phycis chesteri,longfin hakeDoryteuthis (Amerigo) pealeii,pealeii,Doryteuthis,Loliginidae,Myopsida,Cephalopoda,NA,NA,Mollusca,Animalia,Doryteuthis pealeii,longfin inshore squidLOLIGO PEALEII,pealeii,Loligo,Loliginidae,Myopsida,Cephalopoda,NA,NA,Mollusca,Animalia,Loligo pealeii,longfin inshore squidSpirinchus thaleichthys,thaleichthys,Spirinchus,Osmeridae,Osmeriformes,Actinopterygii,Osteichthyes,Vertebrata,Chordata,Animalia,Spirinchus thaleichthys,longfin smeltLimanda proboscidea,proboscidea,Limanda,Pleuronectidae,Pleuronectiformes,Actinopterygii,Pisces,Vertebrata,Chordata,Animalia,Limanda proboscidea,longhead dabLimandaproboscidea,proboscidea,Limanda,Pleuronectidae,Pleuronectiformes,Actinopterygii,Pisces,Vertebrata,Chordata,Animalia,Limanda proboscidea,longhead dabChorilia longipes,longipes,Chorilia,Pisidae,Decapoda,Malacostraca,NA,Crustacea,Arthropoda,Animalia,Chorilia longipes,longhorn decorator crabMYOXOCEPHALUS OCTODECEMSPINOSUS,octodecemspinosus,Myoxocephalus,Cottidae,Scorpaeniformes,Actinopterygii,Pisces,Vertebrata,Chordata,Animalia,Myoxocephalus octodecemspinosus,longhorn sculpinMyoxocephalus octodecemspinosus,octodecemspinosus,Myoxocephalus,Cottidae,Scorpaeniformes,Actinopterygii,Pisces,Vertebrata,Chordata,Animalia,Myoxocephalus octodecemspinosus,longhorn sculpinRaja rhina,rhina,Raja,Rajidae,Rajiformes,Elasmobranchii,Pisces,Vertebrata,Chordata,Animalia,Raja rhina,longnose skateRajarhina,rhina,Raja,Rajidae,Rajiformes,Elasmobranchii,Pisces,Vertebrata,Chordata,Animalia,Raja rhina,longnose skateLumpenella longirostris,longirostris,Lumpenella,Stichaeidae,Perciformes,Actinopterygii,Pisces,Vertebrata,Chordata,Animalia,Lumpenella longirostris,longsnout pricklebackLumpenellalongirostris,longirostris,Lumpenella,Stichaeidae,Perciformes,Actinopterygii,Pisces,Vertebrata,Chordata,Animalia,Lumpenella longirostris,longsnout pricklebackZaniolepis latipinnis,latipinnis,Zaniolepis,Hexagrammidae,Scorpaeniformes,Actinopterygii,Osteichthyes,Vertebrata,Chordata,Animalia,Zaniolepis latipinnis,longspine combfishSTENOTOMUS CAPRINUS,caprinus,Stenotomus,Sparidae,Perciformes,Actinopterygii,Pisces,Vertebrata,Chordata,Animalia,Stenotomus caprinus,longspine porgySTEOTOMUS CAPRIUS,caprinus,Stenotomus,Sparidae,Perciformes,Actinopterygii,Osteichthyes,Vertebrata,Chordata,Animalia,Steotomus caprius,longspine porgyPORTUNUS SPINICARPUS,spinicarpus,Achelous,Portunidae,Decapoda,Malacostraca,NA,Crustacea,Arthropoda,Animalia,Achelous spinicarpus,longspine swimming crabSebastolobus altivelis,altivelis,Sebastolobus,Scorpaenidae,Scorpaeniformes,Actinopterygii,Osteichthyes,Vertebrata,Chordata,Animalia,Sebastolobus altivelis,longspine thornyheadSELEE VOMER,vomer,Selene,Carangidae,Perciformes,Actinopterygii,Osteichthyes,Vertebrata,Chordata,Animalia,Selee vomer,lookdownCYCLOPTERUS LUMPUS,lumpus,Cyclopterus,Cyclopteridae,Scorpaeniformes,Actinopterygii,Pisces,Vertebrata,Chordata,Animalia,Cyclopterus lumpus,lumpfishHYAS  SP,NA,Hyas,Oregoniidae,Decapoda,Malacostraca,NA,Crustacea,Arthropoda,Animalia,Hyas spp.,lyre crabsHYAS  SP.,NA,Hyas,Oregoniidae,Decapoda,Malacostraca,NA,Crustacea,Arthropoda,Animalia,Hyas spp.,lyre crabsNeptunea lyrata,lyrata,Neptunea,Buccinidae,Neogastropoda,Gastropoda,NA,NA,Mollusca,Animalia,Neptunea lyrata,lyre whelkNeptunealyrata,lyrata,Neptunea,Buccinidae,Neogastropoda,Gastropoda,NA,NA,Mollusca,Animalia,Neptunea lyrata,lyre whelkDECAPTERUS PUCTATUS,NA,Decapterus,Carangidae,Perciformes,Actinopterygii,Osteichthyes,Vertebrata,Chordata,Animalia,Decapterus puctatus,mackerel scadsBerryteuthis magister,magister,Berryteuthis,Gonatidae,Oegopsida,Cephalopoda,NA,NA,Mollusca,Animalia,Berryteuthis magister,magister armhook squidBerryteuthismagister,magister,Berryteuthis,Gonatidae,Oegopsida,Cephalopoda,NA,NA,Mollusca,Animalia,Berryteuthis magister,magister armhook squidSQUILLA EMPUSA,empusa,Squilla,Squillidae,Stomatopoda,Malacostraca,NA,Crustacea,Arthropoda,Animalia,Squilla empusa,mantis shrimpNEZUMIA BAIRDI,bairdii,Nezumia,Macrouridae,Gadiformes,Actinopterygii,Pisces,Vertebrata,Chordata,Animalia,Nezumia bairdii,marlin-spikeNEZUMIA BAIRDII,bairdii,Nezumia,Macrouridae,Gadiformes,Actinopterygii,Pisces,Vertebrata,Chordata,Animalia,Nezumia bairdii,marlin-spikeAURELIA,NA,Aurelia,Ulmaridae,Semaeostomeae,Scyphozoa,NA,Medusozoa,Cnidaria,Animalia,Aurelia spp.,moon jelliesAurelia spp.,NA,Aurelia,Ulmaridae,Semaeostomeae,Scyphozoa,NA,Medusozoa,Cnidaria,Animalia,Aurelia spp.,moon jelliesSolaster spp.,NA,Solaster,Solasteridae,Spinulosida,Asteroidea,NA,Asterozoa,Echinodermata,Animalia,Solaster,morning sunstarUrticina crassicornis,NA,NA,NA,NA,NA,NA,NA,NA,NA,Urticina crassicornis,mottled anemoneLEPOPHIDIUM JEANNAE,jeannae,Lepophidium,Ophidiidae,Ophidiiformes,Actinopterygii,Pisces,Vertebrata,Chordata,Animalia,Lepophidium jeannae,mottled cusk-eelPERSEPHOA MEDITERRAEA,mediterranea,Persephona,Leucosiidae,Decapoda,Malacostraca,NA,Crustacea,Arthropoda,Animalia,Persephoa mediterraea,mottled purse crabBathyraja taranetzi,NA,NA,NA,NA,NA,NA,NA,NA,NA,Bathyraja taranetzi,mud skateCtenodiscus crispatus,crispatus,Ctenodiscus,Ctenodiscidae,Paxillosida,Asteroidea,NA,Asterozoa,Echinodermata,Animalia,Ctenodiscus crispatus,mud starCtenodiscuscrispatus,crispatus,Ctenodiscus,Ctenodiscidae,Paxillosida,Asteroidea,NA,Asterozoa,Echinodermata,Animalia,Ctenodiscus crispatus,mud starSpirinchus starksi,starksi,Spirinchus,Osmeridae,Osmeriformes,Actinopterygii,Osteichthyes,Vertebrata,Chordata,Animalia,Spirinchus starksi,night smeltMacoma sp.,NA,Macoma,Tellinidae,Veneroida,Bivalvia,NA,NA,Mollusca,Animalia,Macoma,nonnetjesEngraulis mordax,mordax,Engraulis,Engraulidae,Clupeiformes,Actinopterygii,Pisces,Vertebrata,Chordata,Animalia,Engraulis mordax,northern anchovySYNAPHOBRANCHUS KAUPI,kaupii,Synaphobranchus,Synaphobranchidae,Anguilliformes,Actinopterygii,Pisces,Vertebrata,Chordata,Animalia,Synaphobranchus kaupii,northern cutthroat eelModiolus modiolus,modiolus,Modiolus,Mytilidae,Mytiloida,Bivalvia,NA,NA,Mollusca,Animalia,Modiolus modiolus,northern horsemusselStenobrachius leucopsarus,leucopsarus,Stenobrachius,Myctophidae,Myctophiformes,Actinopterygii,Osteichthyes,Vertebrata,Chordata,Animalia,Stenobrachius leucopsarus,northern lampfishPENAEUS DUORARUM,duorarum,Penaeus,Penaeidae,Decapoda,Malacostraca,NA,Crustacea,Arthropoda,Animalia,Penaeus duorarum,northern pink shrimpSebastes polyspinis,polyspinis,Sebastes,Sebastidae,Scorpaeniformes,Actinopterygii,Pisces,Vertebrata,Chordata,Animalia,Sebastes polyspinis,northern rockfishSebastespolyspinis,polyspinis,Sebastes,Sebastidae,Scorpaeniformes,Actinopterygii,Pisces,Vertebrata,Chordata,Animalia,Sebastes polyspinis,northern rockfishRonquilus jordani,jordani,Ronquilus,Bathymasteridae,Perciformes,Actinopterygii,Osteichthyes,Vertebrata,Chordata,Animalia,Ronquilus jordani,northern ronquilAMMODYTES DUBIUS,dubius,Ammodytes,Ammodytidae,Perciformes,Actinopterygii,Pisces,Vertebrata,Chordata,Animalia,Ammodytes dubius,northern sand lancePRIONOTUS CAROLINUS,carolinus,Prionotus,Triglidae,Scorpaeniformes,Actinopterygii,Osteichthyes,Vertebrata,Chordata,Animalia,Prionotus carolinus,northern searobinPrionotus carolinus,carolinus,Prionotus,Triglidae,Scorpaeniformes,Actinopterygii,Pisces,Vertebrata,Chordata,Animalia,Prionotus carolinus,northern searobinILLEX ILLECEBROSUS,illecebrosus,Illex,Ommastrephidae,Oegopsida,Cephalopoda,NA,NA,Mollusca,Animalia,Illex illecebrosus,northern shortfin squidIllex illecebrosus,illecebrosus,Illex,Ommastrephidae,Oegopsida,Cephalopoda,NA,NA,Mollusca,Animalia,Illex illecebrosus,northern shortfin squidPANDALUS BOREALIS,borealis,Pandalus,Pandalidae,Decapoda,Malacostraca,NA,Crustacea,Arthropoda,Animalia,Pandalus borealis,northern shrimpLeuroglossus schmidti,schmidti,Leuroglossus,Bathylagidae,Osmeriformes,Actinopterygii,Pisces,Vertebrata,Chordata,Animalia,Leuroglossus schmidti,northern smoothtongueLeuroglossusschmidti,schmidti,Leuroglossus,Bathylagidae,Osmeriformes,Actinopterygii,Pisces,Vertebrata,Chordata,Animalia,Leuroglossus schmidti,northern smoothtongueAgonopsis vulsa,vulsa,Agonopsis,Agonidae,Scorpaeniformes,Actinopterygii,Osteichthyes,Vertebrata,Chordata,Animalia,Agonopsis vulsa,northern spearnose poacherPENAEUS SETIFERUS,setiferus,Litopenaeus,Penaeidae,Decapoda,Malacostraca,NA,Crustacea,Arthropoda,Animalia,Litopenaeus setiferus,northern white shrimpANARHICHAS DENTICULATUS,denticulatus,Anarhichas,Anarhichadidae,Perciformes,Actinopterygii,Pisces,Vertebrata,Chordata,Animalia,Anarhichas denticulatus,northern wolffishNudibranchia,NA,NA,NA,Nudibranchia,Gastropoda,NA,NA,Mollusca,Animalia,Nudibranchia spp.,nudibranchsMACROZOARCES AMERICANUS,americanus,Zoarces,Zoarcidae,Perciformes,Actinopterygii,Pisces,Vertebrata,Chordata,Animalia,Zoarces americanus,ocean poutZoarces americanus,americanus,Zoarces,Zoarcidae,Perciformes,Actinopterygii,Pisces,Vertebrata,Chordata,Animalia,Zoarces americanus,ocean poutPandalus jordani,jordani,Pandalus,Pandalidae,Decapoda,Malacostraca,NA,Crustacea,Arthropoda,Animalia,Pandalus jordani,ocean shrimpCEPHALOPODA,NA,NA,NA,NA,Cephalopoda,NA,NA,Mollusca,Animalia,Cephalopoda spp.,octopusesOCTOPODIDAE,NA,NA,Octopodidae,Octopoda,Cephalopoda,NA,NA,Mollusca,Animalia,Octopodidae spp.,octopusesOctopodidae,NA,NA,Octopodidae,Octopoda,Cephalopoda,NA,NA,Mollusca,Animalia,Octopodidae spp.,octopusesMERLUCCIUS ALBIDUS,albidus,Merluccius,Merlucciidae,Gadiformes,Actinopterygii,Pisces,Vertebrata,Chordata,Animalia,Merluccius albidus,offshore hakeMerluccius albidus,albidus,Merluccius,Merlucciidae,Gadiformes,Actinopterygii,Pisces,Vertebrata,Chordata,Animalia,Merluccius albidus,offshore hakeSYNODUS POEYI,poeyi,Synodus,Synodontidae,Aulopiformes,Actinopterygii,Pisces,Vertebrata,Chordata,Animalia,Synodus poeyi,offshore lizardfishSYODUS POEYI,poeyi,Synodus,Synodontidae,Aulopiformes,Actinopterygii,Osteichthyes,Vertebrata,Chordata,Animalia,Syodus poeyi,offshore lizardfishSYMPHURUS CIVITATUM,NA,NA,NA,NA,NA,NA,NA,NA,NA,Symphurus civitatum,offshore tonguefishEuspira pallida,pallida,Euspira,Naticidae,Neotaenioglossa,Gastropoda,NA,NA,Mollusca,Animalia,Euspira pallida,pale moonsnailHALIEUTICHTHYS ACULEATUS,aculeatus,Halieutichthys,Ogcocephalidae,Lophiiformes,Actinopterygii,Pisces,Vertebrata,Chordata,Animalia,Halieutichthys aculeatus,pancake batfishPANDALUS PROPINQUUS,propinquus,Pandalus,Pandalidae,Decapoda,Malacostraca,NA,Crustacea,Arthropoda,Animalia,Pandalus propinquus,pandalid shrimpAMUSIUM PAPYRACEUM,papyraceum,Amusium,Pectinidae,Ostreoida,Bivalvia,NA,NA,Mollusca,Animalia,Amusium papyraceum,paper scallopSPIRONTOCARIS SPINUS,spinus,Spirontocaris,Hippolytidae,Decapoda,Malacostraca,NA,Crustacea,Arthropoda,Animalia,Spirontocaris spinus,parrot shrimpSipuncula,NA,NA,NA,NA,NA,NA,NA,Sipuncula,Animalia,Sipuncula,peanut wormsBryozoichthys marjorius,marjorius,Bryozoichthys,Stichaeidae,Perciformes,Actinopterygii,Osteichthyes,Vertebrata,Chordata,Animalia,Bryozoichthys marjorius,pearly pricklebackThaliacea,NA,NA,NA,NA,Thaliacea,NA,Urochordata,Chordata,Animalia,Thaliacea,pelagic tunicatesEopsetta jordani,jordani,Eopsetta,Pleuronectidae,Pleuronectiformes,Actinopterygii,Pisces,Vertebrata,Chordata,Animalia,Eopsetta jordani,petrale soleEopsettajordani,jordani,Eopsetta,Pleuronectidae,Pleuronectiformes,Actinopterygii,Pisces,Vertebrata,Chordata,Animalia,Eopsetta jordani,petrale soleORTHOPRISTIS CHRYSOPTERUS,chrysoptera,Orthopristis,Haemulidae,Perciformes,Actinopterygii,Pisces,Vertebrata,Chordata,Animalia,Orthopristis chrysoptera,pigfishSQUALUS ACANTHIAS,acanthias,Squalus,Squalidae,Squaliformes,Elasmobranchii,Pisces,Vertebrata,Chordata,Animalia,Squalus acanthias,piked dogfishSqualus acanthias,acanthias,Squalus,Squalidae,Squaliformes,Elasmobranchii,Pisces,Vertebrata,Chordata,Animalia,Squalus acanthias,piked dogfishSqualusacanthias,acanthias,Squalus,Squalidae,Squaliformes,Elasmobranchii,Pisces,Vertebrata,Chordata,Animalia,Squalus acanthias,piked dogfishIsopoda,NA,NA,NA,Isopoda,Malacostraca,NA,Crustacea,Arthropoda,Animalia,Isopoda,"pill bugs, wood lice and sea slaters"LAGODO RHOMBOIDES,rhomboides,Lagodon,Sparidae,Perciformes,Actinopterygii,Osteichthyes,Vertebrata,Chordata,Animalia,Lagodo rhomboides,pinfishLAGODON RHOMBOIDES,rhomboides,Lagodon,Sparidae,Perciformes,Actinopterygii,Pisces,Vertebrata,Chordata,Animalia,Lagodon rhomboides,pinfishPERSEPHOA CRIITA,crinita,Persephona,Leucosiidae,Decapoda,Malacostraca,NA,Crustacea,Arthropoda,Animalia,Persephoa criita,pink purse crabOncorhynchus gorbuscha,gorbuscha,Oncorhynchus,Salmonidae,Salmoniformes,Actinopterygii,Osteichthyes,Vertebrata,Chordata,Animalia,Oncorhynchus gorbuscha,pink salmonZalembius rosaceus,rosaceus,Zalembius,Embiotocidae,Perciformes,Actinopterygii,Pisces,Vertebrata,Chordata,Animalia,Zalembius rosaceus,pink seaperchMyoxocephalus jaok,jaok,Myoxocephalus,Cottidae,Scorpaeniformes,Actinopterygii,Osteichthyes,Vertebrata,Chordata,Animalia,Myoxocephalus jaok,plain sculpinPorichthys notatus,notatus,Porichthys,Batrachoididae,Batrachoidiformes,Actinopterygii,Pisces,Vertebrata,Chordata,Animalia,Porichthys notatus,plainfin midshipmanMOACATHUS HISPIDUS,NA,NA,NA,NA,NA,NA,NA,NA,NA,Moacathus hispidus,planehead filefishMONACANTHUS HISPIDUS,hispidus,Stephanolepis,Monacanthidae,Tetraodontiformes,Actinopterygii,Pisces,Vertebrata,Chordata,Animalia,Stephanolepis hispidus,planehead filefishMetridium sp.,NA,Metridium,Metridiidae,Actiniaria,Anthozoa,NA,Anthozoa,Cnidaria,Animalia,Metridium spp.,plumose anemonesMetridiumsp.,NA,Metridium,Metridiidae,Actiniaria,Anthozoa,NA,NA,Cnidaria,Animalia,Metridium spp.,plumose anemonesLEBBEUS POLARIS,polaris,Lebbeus,Hippolytidae,Decapoda,Malacostraca,NA,Crustacea,Arthropoda,Animalia,Lebbeus polaris,polar lebbeidCOTTUNCULUS MICROPS,microps,Cottunculus,Psychrolutidae,Scorpaeniformes,Actinopterygii,Pisces,Vertebrata,Chordata,Animalia,Cottunculus microps,polar sculpinBuccinum polare,NA,NA,NA,NA,NA,NA,NA,NA,NA,Buccinum polare,polar whelkPOLLACHIUS VIRENS,virens,Pollachius,Gadidae,Gadiformes,Actinopterygii,Pisces,Vertebrata,Chordata,Animalia,Pollachius virens,pollockPollachius virens,virens,Pollachius,Gadidae,Gadiformes,Actinopterygii,Pisces,Vertebrata,Chordata,Animalia,Pollachius virens,pollockPolychaeta,NA,NA,NA,NA,NA,NA,Polychaeta,Annelida,Animalia,Polychaeta,polychaetesZaprora silenus,silenus,Zaprora,Zaproridae,Perciformes,Actinopterygii,Pisces,Vertebrata,Chordata,Animalia,Zaprora silenus,prowfishZaprorasilenus,silenus,Zaprora,Zaproridae,Perciformes,Actinopterygii,Pisces,Vertebrata,Chordata,Animalia,Zaprora silenus,prowfishEchinacea,NA,NA,NA,NA,NA,NA,NA,NA,NA,Echinacea,purple coneflowerCancer oregonensis,oregonensis,Glebocarcinus,Cancridae,Decapoda,Malacostraca,NA,Crustacea,Arthropoda,Animalia,Glebocarcinus oregonensis,pygmy rock crabCanceroregonensis,oregonensis,Glebocarcinus,Cancridae,Decapoda,Malacostraca,NA,Crustacea,Arthropoda,Animalia,Glebocarcinus oregonensis,pygmy rock crabSebastes wilsoni,wilsoni,Sebastes,Sebastidae,Scorpaeniformes,Actinopterygii,Pisces,Vertebrata,Chordata,Animalia,Sebastes wilsoni,pygmy rockfishSERRAICULUS PUMILIO,pumilio,Serraniculus,Serranidae,Perciformes,Actinopterygii,Osteichthyes,Vertebrata,Chordata,Animalia,Serraiculus pumilio,pygmy sea bassSebastes maliger,maliger,Sebastes,Scorpaenidae,Scorpaeniformes,Actinopterygii,Osteichthyes,Vertebrata,Chordata,Animalia,Sebastes maliger,quillback rockfishSebastesmaliger,maliger,Sebastes,Sebastidae,Scorpaeniformes,Actinopterygii,Pisces,Vertebrata,Chordata,Animalia,Sebastes maliger,quillback rockfishBOLLMAIA COMMUIS,communis,Bollmannia,Gobiidae,Perciformes,Actinopterygii,Osteichthyes,Vertebrata,Chordata,Animalia,Bollmaia commuis,ragged gobyBOLLMANNIA COMMUNIS,communis,Bollmannia,Gobiidae,Perciformes,Actinopterygii,Pisces,Vertebrata,Chordata,Animalia,Bollmannia communis,ragged gobyOsmerus mordax,mordax,Osmerus,Osmeridae,Osmeriformes,Actinopterygii,Osteichthyes,Vertebrata,Chordata,Animalia,Osmerus mordax,rainbow smeltSebastes ruberrimus,ruberrimus,Sebastes,Sebastidae,Scorpaeniformes,Actinopterygii,Pisces,Vertebrata,Chordata,Animalia,Sebastes ruberrimus,rasphead rockfishSebastesruberrimus,ruberrimus,Sebastes,Sebastidae,Scorpaeniformes,Actinopterygii,Pisces,Vertebrata,Chordata,Animalia,Sebastes ruberrimus,rasphead rockfishHemilepidotus hemilepidotus,hemilepidotus,Hemilepidotus,Cottidae,Scorpaeniformes,Actinopterygii,Osteichthyes,Vertebrata,Chordata,Animalia,Hemilepidotus hemilepidotus,red Irish lordHemilepidotushemilepidotus,hemilepidotus,Hemilepidotus,Cottidae,Scorpaeniformes,Actinopterygii,Pisces,Vertebrata,Chordata,Animalia,Hemilepidotus hemilepidotus,red Irish lordMULLUS AURATUS,auratus,Mullus,Mullidae,Perciformes,Actinopterygii,Pisces,Vertebrata,Chordata,Animalia,Mullus auratus,red goatfishUROPHYCIS CHUSS,chuss,Urophycis,Phycidae,Gadiformes,Actinopterygii,Pisces,Vertebrata,Chordata,Animalia,Urophycis chuss,red hakeUrophycis chuss,chuss,Urophycis,Phycidae,Gadiformes,Actinopterygii,Pisces,Vertebrata,Chordata,Animalia,Urophycis chuss,red hakeParalithodes camtschaticus,camtschaticus,Paralithodes,Lithodidae,Decapoda,Malacostraca,NA,Crustacea,Arthropoda,Animalia,Paralithodes camtschaticus,red king crabParalithodescamtschaticus,camtschaticus,Paralithodes,Lithodidae,Decapoda,Malacostraca,NA,Crustacea,Arthropoda,Animalia,Paralithodes camtschaticus,red king crabCancer productus,productus,Cancer,Cancridae,Decapoda,Malacostraca,NA,Crustacea,Arthropoda,Animalia,Cancer productus,red rock crabCucumaria sp.,NA,Cucumaria,Cucumariidae,Dendrochirotida,Holothuroidea,NA,Echinozoa,Echinodermata,Animalia,Cucumaria,red sea cucumberLUTJANUS CAMPECHANUS,campechanus,Lutjanus,Lutjanidae,Perciformes,Actinopterygii,Pisces,Vertebrata,Chordata,Animalia,Lutjanus campechanus,red snapperSebastes babcocki,babcocki,Sebastes,Sebastidae,Scorpaeniformes,Actinopterygii,Pisces,Vertebrata,Chordata,Animalia,Sebastes babcocki,redbanded rockfishSebastesbabcocki,babcocki,Sebastes,Sebastidae,Scorpaeniformes,Actinopterygii,Pisces,Vertebrata,Chordata,Animalia,Sebastes babcocki,redbanded rockfishChlamys rubida,rubida,Chlamys,Pectinidae,Ostreoida,Bivalvia,NA,NA,Mollusca,Animalia,Chlamys rubida,reddish scallopSebastes proriger,proriger,Sebastes,Sebastidae,Scorpaeniformes,Actinopterygii,Pisces,Vertebrata,Chordata,Animalia,Sebastes proriger,redstripe rockfishSebastesproriger,proriger,Sebastes,Sebastidae,Scorpaeniformes,Actinopterygii,Pisces,Vertebrata,Chordata,Animalia,Sebastes proriger,redstripe rockfishActinauge verrilli,verrilli,Actinauge,Hormathiidae,Actiniaria,Anthozoa,NA,Anthozoa,Cnidaria,Animalia,Actinauge verrilli,reticulate anemoneGlyptocephalus zachirus,zachirus,Glyptocephalus,Pleuronectidae,Pleuronectiformes,Actinopterygii,Pisces,Vertebrata,Chordata,Animalia,Glyptocephalus zachirus,rex soleGlyptocephaluszachirus,zachirus,Glyptocephalus,Pleuronectidae,Pleuronectiformes,Actinopterygii,Pisces,Vertebrata,Chordata,Animalia,Glyptocephalus zachirus,rex soleRhinolithodes wosnessenskii,wosnessenskii,Rhinolithodes,Lithodidae,Decapoda,Malacostraca,NA,Crustacea,Arthropoda,Animalia,Rhinolithodes wosnessenskii,rhinoceros crabTriglops pingeli,pingelii,Triglops,Cottidae,Scorpaeniformes,Actinopterygii,Pisces,Vertebrata,Chordata,Animalia,Triglops pingelii,ribbed sculpinTriglopspingeli,pingelii,Triglops,Cottidae,Scorpaeniformes,Actinopterygii,Pisces,Vertebrata,Chordata,Animalia,Triglops pingelii,ribbed sculpinCrangon dalli,dalli,Crangon,Crangonidae,Decapoda,Malacostraca,NA,Crustacea,Arthropoda,Animalia,Crangon dalli,ridged crangonPaguridae,NA,NA,Paguridae,Decapoda,Malacostraca,NA,Crustacea,Arthropoda,Animalia,Paguridae spp.,right-handed hermit crabsMoroteuthis robusta,robusta,Moroteuthis,Onychoteuthidae,Teuthida,Cephalopoda,NA,NA,Mollusca,Animalia,Moroteuthis robusta,robust clubhook squidCORYPHAENOIDES RUPESTRIS,rupestris,Coryphaenoides,Macrouridae,Gadiformes,Actinopterygii,Pisces,Vertebrata,Chordata,Animalia,Coryphaenoides rupestris,rock grenadierCENTROPRISTIS PHILADELPHICUS,philadelphica,Centropristis,Serranidae,Perciformes,Actinopterygii,Pisces,Vertebrata,Chordata,Animalia,Centropristis philadelphica,rock sea bassCETROPRISTIS PHILADELPHICUS,philadelphica,Centropristis,Serranidae,Perciformes,Actinopterygii,Osteichthyes,Vertebrata,Chordata,Animalia,Cetropristis philadelphicus,rock sea bassLepidopsetta sp,NA,Lepidopsetta,Pleuronectidae,Pleuronectiformes,Actinopterygii,Pisces,Vertebrata,Chordata,Animalia,Lepidopsetta spp.,rock solesLepidopsetta sp.,NA,Lepidopsetta,Pleuronectidae,Pleuronectiformes,Actinopterygii,Pisces,Vertebrata,Chordata,Animalia,Lepidopsetta spp.,rock solesLepidopsettasp,NA,Lepidopsetta,Pleuronectidae,Pleuronectiformes,Actinopterygii,Pisces,Vertebrata,Chordata,Animalia,Lepidopsetta spp.,rock solesLepidopsettasp.,NA,Lepidopsetta,Pleuronectidae,Pleuronectiformes,Actinopterygii,Pisces,Vertebrata,Chordata,Animalia,Lepidopsetta spp.,rock solesSEBASTES SP,NA,Sebastes,Sebastidae,Scorpaeniformes,Actinopterygii,Pisces,Vertebrata,Chordata,Animalia,Sebastes spp.,rockfishesSEBASTES SP.,NA,Sebastes,Sebastidae,Scorpaeniformes,Actinopterygii,Pisces,Vertebrata,Chordata,Animalia,Sebastes spp.,rockfishesSebastes sp.,NA,Sebastes,Sebastidae,Scorpaeniformes,Actinopterygii,Pisces,Vertebrata,Chordata,Animalia,Sebastes spp.,rockfishesSebastes sp. (Vermilion And Sunset),NA,Sebastes,Scorpaenidae,Scorpaeniformes,Actinopterygii,Osteichthyes,Vertebrata,Chordata,Animalia,Sebastes,rockfishesSebastessp.,NA,Sebastes,Sebastidae,Scorpaeniformes,Actinopterygii,Pisces,Vertebrata,Chordata,Animalia,Sebastes spp.,rockfishesSebastes helvomaculatus,helvomaculatus,Sebastes,Sebastidae,Scorpaeniformes,Actinopterygii,Pisces,Vertebrata,Chordata,Animalia,Sebastes helvomaculatus,rosethorn rockfishSebasteshelvomaculatus,helvomaculatus,Sebastes,Sebastidae,Scorpaeniformes,Actinopterygii,Pisces,Vertebrata,Chordata,Animalia,Sebastes helvomaculatus,rosethorn rockfishLEUCORAJA GARMANI,garmani,Leucoraja,Rajidae,Rajiformes,Chondrichthyes,Chondrichthyes,Vertebrata,Chordata,Animalia,Leucoraja garmani,rosette skateTritonia diomedea,diomedea,Tritonia,Tritoniidae,Nudibranchia,Gastropoda,NA,NA,Mollusca,Animalia,Tritonia diomedea,rosy tritoniaBeringius kennicottii,kennicottii,Beringius,Buccinidae,Neogastropoda,Gastropoda,NA,NA,Mollusca,Animalia,Beringius kennicottii,rotund whelkTRACHURUS LATHAMI,lathami,Trachurus,Carangidae,Perciformes,Actinopterygii,Pisces,Vertebrata,Chordata,Animalia,Trachurus lathami,rough scadChitonotus pugetensis,pugetensis,Chitonotus,Cottidae,Scorpaeniformes,Actinopterygii,Osteichthyes,Vertebrata,Chordata,Animalia,Chitonotus pugetensis,roughback sculpinMACROURUS BERGLAX,berglax,Macrourus,Macrouridae,Gadiformes,Actinopterygii,Pisces,Vertebrata,Chordata,Animalia,Macrourus berglax,roughhead grenadierTRACHYPEEUS COSTRICTUS,NA,NA,NA,NA,NA,NA,NA,NA,NA,Trachypeeus costrictus,roughneck shrimpRastrinus scutiger,scutiger,Rastrinus,Cottidae,Scorpaeniformes,Actinopterygii,Osteichthyes,Vertebrata,Chordata,Animalia,Rastrinus scutiger,roughskin sculpinTriglops macellus,macellus,Triglops,Cottidae,Scorpaeniformes,Actinopterygii,Pisces,Vertebrata,Chordata,Animalia,Triglops macellus,roughspine sculpinTriglopsmacellus,macellus,Triglops,Cottidae,Scorpaeniformes,Actinopterygii,Pisces,Vertebrata,Chordata,Animalia,Triglops macellus,roughspine sculpinBathyraja sp.,NA,Bathyraja,Arhynchobatidae,Rajiformes,Chondrichthyes,Chondrichthyes,Vertebrata,Chordata,Animalia,Bathyraja,roughtail skateBathyraja trachura,trachura,Bathyraja,Arhynchobatidae,Rajiformes,Chondrichthyes,Chondrichthyes,Vertebrata,Chordata,Animalia,Bathyraja trachura,roughtail skateETRUMEUS TERES,teres,Etrumeus,Clupeidae,Clupeiformes,Actinopterygii,Pisces,Vertebrata,Chordata,Animalia,Etrumeus teres,round herringSARDIELLA AURITA,aurita,Sardinella,Clupeidae,Clupeiformes,Actinopterygii,Osteichthyes,Vertebrata,Chordata,Animalia,Sardiella aurita,round sardinellaRAJA FYLLAE,fyllae,Rajella,Rajidae,Rajiformes,Elasmobranchii,Pisces,Vertebrata,Chordata,Animalia,Rajella fyllae,round skateRAJA TEXANA,texana,Raja,Rajidae,Rajiformes,Elasmobranchii,Pisces,Vertebrata,Chordata,Animalia,Raja texana,roundel skateLIMANDA FERRUGINEA,ferruginea,Limanda,Pleuronectidae,Pleuronectiformes,Actinopterygii,Pisces,Vertebrata,Chordata,Animalia,Limanda ferruginea,rusty flounderLIMANDA FERRUGINEA ,ferruginea,Limanda,Pleuronectidae,Pleuronectiformes,Actinopterygii,Pisces,Vertebrata,Chordata,Animalia,Limanda ferruginea,rusty flounderLimanda ferruginea,ferruginea,Limanda,Pleuronectidae,Pleuronectiformes,Actinopterygii,Pisces,Vertebrata,Chordata,Animalia,Limanda ferruginea,rusty flounderAnoplopoma fimbria,fimbria,Anoplopoma,Anoplopomatidae,Scorpaeniformes,Actinopterygii,Pisces,Vertebrata,Chordata,Animalia,Anoplopoma fimbria,sablefishAnoplopomafimbria,fimbria,Anoplopoma,Anoplopomatidae,Scorpaeniformes,Actinopterygii,Pisces,Vertebrata,Chordata,Animalia,Anoplopoma fimbria,sablefishEleginus gracilis,gracilis,Eleginus,Gadidae,Gadiformes,Actinopterygii,Osteichthyes,Vertebrata,Chordata,Animalia,Eleginus gracilis,saffron codNautichthys oculofasciatus,oculofasciatus,Nautichthys,Hemitripteridae,Scorpaeniformes,Actinopterygii,Osteichthyes,Vertebrata,Chordata,Animalia,Nautichthys oculofasciatus,sailfin sculpinCareproctus rastrinus,rastrinus,Careproctus,Liparidae,Scorpaeniformes,Actinopterygii,Osteichthyes,Vertebrata,Chordata,Animalia,Careproctus rastrinus,salmon snailfishDIPLECTRUM FORMOSUM,formosum,Diplectrum,Serranidae,Perciformes,Actinopterygii,Pisces,Vertebrata,Chordata,Animalia,Diplectrum formosum,sand perchPsettichthysmelanostictus,melanostictus,Psettichthys,Pleuronectidae,Pleuronectiformes,Actinopterygii,Pisces,Vertebrata,Chordata,Animalia,Psettichthys melanostictus,sand soleCYOSCIO AREARIUS,arenarius,Cynoscion,Sciaenidae,Perciformes,Actinopterygii,Osteichthyes,Vertebrata,Chordata,Animalia,Cyoscio arearius,sand weakfishBathyraja interrupta,interrupta,Bathyraja,Arhynchobatidae,Rajiformes,Chondrichthyes,Chondrichthyes,Vertebrata,Chordata,Animalia,Bathyraja interrupta,sandpaper skateTRICHOPSETTA VENTRALIS,ventralis,Trichopsetta,Bothidae,Pleuronectiformes,Actinopterygii,Pisces,Vertebrata,Chordata,Animalia,Trichopsetta ventralis,sash flounderTRICHOPSETTA VETRALIS,ventralis,Trichopsetta,Bothidae,Pleuronectiformes,Actinopterygii,Osteichthyes,Vertebrata,Chordata,Animalia,Trichopsetta vetralis,sash flounderLeptagonus frenatus,frenatus,Sarritor,Agonidae,Scorpaeniformes,Actinopterygii,Pisces,Vertebrata,Chordata,Animalia,Sarritor frenatus,sawback poacherLeptagonusfrenatus,frenatus,Sarritor,Agonidae,Scorpaeniformes,Actinopterygii,Pisces,Vertebrata,Chordata,Animalia,Sarritor frenatus,sawback poacherSERRIVOMER BEANI,beanii,Serrivomer,Serrivomeridae,Anguilliformes,Actinopterygii,Pisces,Vertebrata,Chordata,Animalia,Serrivomer beanii,sawtooth eelPlacetron wosnessenskii,wosnessenskii,Placetron,Hapalogastridae,Decapoda,Malacostraca,NA,Crustacea,Arthropoda,Animalia,Placetron wosnessenskii,scaled crabPlacetronwosnessenskii,wosnessenskii,Placetron,Hapalogastridae,Decapoda,Malacostraca,NA,Crustacea,Arthropoda,Animalia,Placetron wosnessenskii,scaled crabHAREGULA JAGUAA,jaguana,Harengula,Clupeidae,Clupeiformes,Actinopterygii,Osteichthyes,Vertebrata,Chordata,Animalia,Haregula jaguaa,scaled sardineHARENGULA JAGUANA,jaguana,Harengula,Clupeidae,Clupeiformes,Actinopterygii,Pisces,Vertebrata,Chordata,Animalia,Harengula jaguana,scaled sardinePolynoidae,NA,NA,Polynoidae,Phyllodocida,Errantia,NA,Polychaeta,Annelida,Animalia,Polynoidae,scalewormsChlamys sp.,NA,Chlamys,Pectinidae,Pectinoida,Bivalvia,NA,NA,Mollusca,Animalia,Chlamys spp.,scallopsChlamyssp,NA,Chlamys,Pectinidae,Pectinoida,Bivalvia,NA,NA,Mollusca,Animalia,Chlamys spp.,scallopsChlamyssp.,NA,Chlamys,Pectinidae,Pectinoida,Bivalvia,NA,NA,Mollusca,Animalia,Chlamys spp.,scallopsACANTHEPHYRA PELAGICA,pelagica,Acanthephyra,Acanthephyridae,Decapoda,Malacostraca,NA,Crustacea,Arthropoda,Animalia,Acanthephyra pelagica,scarlet shrimpTriglops forficata,forficatus,Triglops,Cottidae,Scorpaeniformes,Actinopterygii,Pisces,Vertebrata,Chordata,Animalia,Triglops forficatus,scissortail sculpinTriglopsforficata,forficatus,Triglops,Cottidae,Scorpaeniformes,Actinopterygii,Pisces,Vertebrata,Chordata,Animalia,Triglops forficatus,scissortail sculpinCottidae,NA,NA,Cottidae,Scorpaeniformes,Actinopterygii,Osteichthyes,Vertebrata,Chordata,Animalia,Cottidae,sculpinsTRIGLOPS  SP,NA,Triglops,Cottidae,Scorpaeniformes,Actinopterygii,Pisces,Vertebrata,Chordata,Animalia,Triglops spp.,sculpinsTRIGLOPS  SP.,NA,Triglops,Cottidae,Scorpaeniformes,Actinopterygii,Pisces,Vertebrata,Chordata,Animalia,Triglops spp.,sculpinsSCLEROCRANGON BOREAS,boreas,Sclerocrangon,Crangonidae,Decapoda,Malacostraca,NA,Crustacea,Arthropoda,Animalia,Sclerocrangon boreas,sculptured shrimpSclerocrangon boreas,boreas,Sclerocrangon,Crangonidae,Decapoda,Malacostraca,NA,Crustacea,Arthropoda,Animalia,Sclerocrangon boreas,sculptured shrimpSTENOTOMUS CHRYSOPS,chrysops,Stenotomus,Sparidae,Perciformes,Actinopterygii,Osteichthyes,Vertebrata,Chordata,Animalia,Stenotomus chrysops,scupStenotomus chrysops,chrysops,Stenotomus,Sparidae,Perciformes,Actinopterygii,Pisces,Vertebrata,Chordata,Animalia,Stenotomus chrysops,scupHOLOTHUROIDEA,NA,NA,NA,NA,Holothuroidea,NA,Echinozoa,Echinodermata,Animalia,Holothuroidea spp.,sea cucumbersHolothuroidea,NA,NA,NA,NA,Holothuroidea,NA,Echinozoa,Echinodermata,Animalia,Holothuroidea spp.,sea cucumbersMolgula grifithsii,griffithsii,Molgula,Molgulidae,Pleurogona,Ascidiacea,NA,Urochordata,Chordata,Animalia,Molgula grifithsii,sea grapesAphroditidae,NA,NA,Aphroditidae,Phyllodocida,Polychaeta,NA,Polychaeta,Annelida,Animalia,Aphroditidae spp.,sea micePennatulacea,NA,NA,NA,Pennatulacea,Anthozoa,NA,Anthozoa,Cnidaria,Animalia,Pennatulacea spp.,sea panziesHEMITRIPTERUS AMERICANUS,americanus,Hemitripterus,Hemitripteridae,Scorpaeniformes,Actinopterygii,Pisces,Vertebrata,Chordata,Animalia,Hemitripterus americanus,sea ravenHemitripterus americanus,americanus,Hemitripterus,Hemitripteridae,Scorpaeniformes,Actinopterygii,Pisces,Vertebrata,Chordata,Animalia,Hemitripterus americanus,sea ravenPLACOPECTEN MAGELLANICUS,magellanicus,Placopecten,Pectinidae,Ostreoida,Bivalvia,NA,NA,Mollusca,Animalia,Placopecten magellanicus,sea scallopPlacopecten magellanicus,magellanicus,Placopecten,Pectinidae,Pectinoida,Bivalvia,NA,NA,Mollusca,Animalia,Placopecten magellanicus,sea scallopASTEROIDEA,NA,NA,NA,NA,Asteroidea,NA,Asterozoa,Echinodermata,Animalia,Asterozoa spp.,sea starsAsteroidea,NA,NA,NA,NA,Asteroidea,NA,Asterozoa,Echinodermata,Animalia,Asterozoa spp.,sea starsSolaster sp.,NA,Solaster,Solasteridae,Valvatida,Asteroidea,NA,Asterozoa,Echinodermata,Animalia,Solaster spp.,sea starsSolastersp.,NA,Solaster,Solasteridae,Valvatida,Asteroidea,NA,Asterozoa,Echinodermata,Animalia,Solaster spp.,sea starsGersemia sp.,NA,Gersemia,Nephtheidae,Alcyonacea,Anthozoa,NA,Anthozoa,Cnidaria,Animalia,Gersemia spp.,sea strawberryGersemiasp.,NA,Gersemia,Nephtheidae,Alcyonacea,Anthozoa,NA,NA,Cnidaria,Animalia,Gersemia spp.,sea strawberryBathymaster signatus,signatus,Bathymaster,Bathymasteridae,Perciformes,Actinopterygii,Pisces,Vertebrata,Chordata,Animalia,Bathymaster signatus,searcherBathymastersignatus,signatus,Bathymaster,Bathymasteridae,Perciformes,Actinopterygii,Pisces,Vertebrata,Chordata,Animalia,Bathymaster signatus,searcherSABINEA SEPTEMCARINATA,septemcarinata,Sabinea,Crangonidae,Decapoda,Malacostraca,NA,Crustacea,Arthropoda,Animalia,Sabinea septemcarinata,sevenline shrimpSebastes zacentrus,zacentrus,Sebastes,Sebastidae,Scorpaeniformes,Actinopterygii,Pisces,Vertebrata,Chordata,Animalia,Sebastes zacentrus,sharpchin rockfishSebasteszacentrus,zacentrus,Sebastes,Sebastidae,Scorpaeniformes,Actinopterygii,Pisces,Vertebrata,Chordata,Animalia,Sebastes zacentrus,sharpchin rockfishCymatogaster aggregata,aggregata,Cymatogaster,Embiotocidae,Perciformes,Actinopterygii,Osteichthyes,Vertebrata,Chordata,Animalia,Cymatogaster aggregata,shiner perchSYACIUM GUNTERI,gunteri,Syacium,Paralichthyidae,Pleuronectiformes,Actinopterygii,Pisces,Vertebrata,Chordata,Animalia,Syacium gunteri,shoal flounderSebastes jordani,jordani,Sebastes,Sebastidae,Scorpaeniformes,Actinopterygii,Pisces,Vertebrata,Chordata,Animalia,Sebastes jordani,shortbelly rockfishLycodes brevipes,brevipes,Lycodes,Zoarcidae,Perciformes,Actinopterygii,Pisces,Vertebrata,Chordata,Animalia,Lycodes brevipes,shortfin eelpoutLycodesbrevipes,brevipes,Lycodes,Zoarcidae,Perciformes,Actinopterygii,Pisces,Vertebrata,Chordata,Animalia,Lycodes brevipes,shortfin eelpoutMYOXOCEPHALUS SCORPIUS,scorpius,Myoxocephalus,Cottidae,Scorpaeniformes,Actinopterygii,Pisces,Vertebrata,Chordata,Animalia,Myoxocephalus scorpius,shorthorn sculpinSebastes borealis,borealis,Sebastes,Sebastidae,Scorpaeniformes,Actinopterygii,Pisces,Vertebrata,Chordata,Animalia,Sebastes borealis,shortraker rockfishSebastesborealis,borealis,Sebastes,Sebastidae,Scorpaeniformes,Actinopterygii,Pisces,Vertebrata,Chordata,Animalia,Sebastes borealis,shortraker rockfishSebastolobus alascanus,alascanus,Sebastolobus,Sebastidae,Scorpaeniformes,Actinopterygii,Pisces,Vertebrata,Chordata,Animalia,Sebastolobus alascanus,shortspine thornyheadSebastolobusalascanus,alascanus,Sebastolobus,Sebastidae,Scorpaeniformes,Actinopterygii,Pisces,Vertebrata,Chordata,Animalia,Sebastolobus alascanus,shortspine thornyheadPRIONOTUS STEARNSI,stearnsi,Prionotus,Triglidae,Scorpaeniformes,Actinopterygii,Pisces,Vertebrata,Chordata,Animalia,Prionotus stearnsi,shortwing searobinPRIOOTUS STEARSI,stearnsi,Prionotus,Triglidae,Scorpaeniformes,Actinopterygii,Osteichthyes,Vertebrata,Chordata,Animalia,Priootus stearsi,shortwing searobinSABINEA HYSTRIX,hystrix,Sabinea,Crangonidae,Decapoda,Malacostraca,NA,Crustacea,Arthropoda,Animalia,Sabinea hystrix,shrimpOPHICHTHUS GOMESII,gomesii,Ophichthus,Ophichthidae,Anguilliformes,Actinopterygii,Osteichthyes,Vertebrata,Chordata,Animalia,Ophichthus gomesii,shrimp eelCrangon sp.,NA,Crangon,Crangonidae,Decapoda,Malacostraca,NA,Crustacea,Arthropoda,Animalia,Crangon spp.,shrimpsCrangon spp.,NA,Crangon,Crangonidae,Decapoda,Malacostraca,NA,Crustacea,Arthropoda,Animalia,Crangon spp.,shrimpsCrangonsp.,NA,Crangon,Crangonidae,Decapoda,Malacostraca,NA,Crustacea,Arthropoda,Animalia,Crangon spp.,shrimpsSOLENOCERA,NA,Solenocera,Solenoceridae,Decapoda,Malacostraca,NA,Crustacea,Arthropoda,Animalia,Solenocera spp.,shrimpsPandalopsis dispar,dispar,Pandalopsis,Pandalidae,Decapoda,Malacostraca,NA,Crustacea,Arthropoda,Animalia,Pandalopsis dispar,sidestripe shrimpPandalopsisdispar,dispar,Pandalopsis,Pandalidae,Decapoda,Malacostraca,NA,Crustacea,Arthropoda,Animalia,Pandalopsis dispar,sidestripe shrimpMERLUCCIUS BILINEARIS,bilinearis,Merluccius,Merlucciidae,Gadiformes,Actinopterygii,Pisces,Vertebrata,Chordata,Animalia,Merluccius bilinearis,silver hakeMerluccius bilinearis,bilinearis,Merluccius,Merlucciidae,Gadiformes,Actinopterygii,Pisces,Vertebrata,Chordata,Animalia,Merluccius bilinearis,silver hakeEUCINOSTOMUS GULA,gula,Eucinostomus,Gerreidae,Perciformes,Actinopterygii,Pisces,Vertebrata,Chordata,Animalia,Eucinostomus gula,silver jennyCYOSCIO OTHUS,nothus,Cynoscion,Sciaenidae,Perciformes,Actinopterygii,Osteichthyes,Vertebrata,Chordata,Animalia,Cyoscio othus,silver seatroutSebastes brevispinis,brevispinis,Sebastes,Scorpaenidae,Scorpaeniformes,Actinopterygii,Osteichthyes,Vertebrata,Chordata,Animalia,Sebastes brevispinis,silvergray rockfishSebastesbrevispinis,brevispinis,Sebastes,Sebastidae,Scorpaeniformes,Actinopterygii,Pisces,Vertebrata,Chordata,Animalia,Sebastes brevispinis,silvergray rockfishANTENNARIUS RADIOSUS,radiosus,Antennarius,Antennariidae,Lophiiformes,Actinopterygii,Pisces,Vertebrata,Chordata,Animalia,Antennarius radiosus,singlespot frogfishATEARIUS RADIOSUS,radiosus,Antennarius,Antennariidae,Lophiiformes,Actinopterygii,Osteichthyes,Vertebrata,Chordata,Animalia,Atearius radiosus,singlespot frogfishBuccinum plectrum,plectrum,Buccinum,Buccinidae,Neogastropoda,Gastropoda,NA,NA,Mollusca,Animalia,Buccinum plectrum,sinuous whelkBuccinumplectrum,plectrum,Buccinum,Buccinidae,Neogastropoda,Gastropoda,NA,NA,Mollusca,Animalia,Buccinum plectrum,sinuous whelkLeptasterias sp.,NA,Leptasterias,Asteriidae,Forcipulatida,Asteroidea,NA,Asterozoa,Echinodermata,Animalia,Leptasterias,six-rayed sea starsOGCOCEPHALUS DECLIVIROSTRIS,declivirostris,Ogcocephalus,Ogcocephalidae,Lophiiformes,Actinopterygii,Osteichthyes,Vertebrata,Chordata,Animalia,Ogcocephalus declivirostris,slantbrow batfishLOLIGO PLEII,pleii,Loligo,Loliginidae,Myopsida,Cephalopoda,NA,NA,Mollusca,Animalia,Loligo pleii,slender inshore squidStylatula sp.,NA,Stylatula,Virgulariidae,Pennatulacea,Anthozoa,NA,Anthozoa,Cnidaria,Animalia,Stylatula,slender sea penLyopsetta exilis,exilis,Lyopsetta,Pleuronectidae,Pleuronectiformes,Actinopterygii,Pisces,Vertebrata,Chordata,Animalia,Lyopsetta exilis,slender soleLyopsettaexilis,exilis,Lyopsetta,Pleuronectidae,Pleuronectiformes,Actinopterygii,Pisces,Vertebrata,Chordata,Animalia,Lyopsetta exilis,slender soleRadulinus asprellus,asprellus,Radulinus,Cottidae,Scorpaeniformes,Actinopterygii,Osteichthyes,Vertebrata,Chordata,Animalia,Radulinus asprellus,slim sculpinPteraster sp.,NA,Pteraster,Pterasteridae,Spinulosida,Asteroidea,NA,Asterozoa,Echinodermata,Animalia,Pteraster,slime starsPteraster spp.,NA,Pteraster,Pterasteridae,Spinulosida,Asteroidea,NA,Asterozoa,Echinodermata,Animalia,Pteraster,slime starsOsmeridae,NA,NA,Osmeridae,Osmeriformes,Actinopterygii,Pisces,Vertebrata,Chordata,Animalia,Osmeridae spp.,smeltsMUSTELUS CANIS,canis,Mustelus,Triakidae,Carcharhiniformes,Chondrichthyes,Chondrichthyes,Vertebrata,Chordata,Animalia,Mustelus canis,smooth dogfishAptocyclus ventricosus,ventricosus,Aptocyclus,Cyclopteridae,Scorpaeniformes,Actinopterygii,Pisces,Vertebrata,Chordata,Animalia,Aptocyclus ventricosus,smooth lumpsuckerAptocyclusventricosus,ventricosus,Aptocyclus,Cyclopteridae,Scorpaeniformes,Actinopterygii,Pisces,Vertebrata,Chordata,Animalia,Aptocyclus ventricosus,smooth lumpsuckerLAGOCEPHALUS LAEVIGATUS,laevigatus,Lagocephalus,Tetraodontidae,Tetraodontiformes,Actinopterygii,Pisces,Vertebrata,Chordata,Animalia,Lagocephalus laevigatus,smooth pufferMALACORAJA SENTA,senta,Malacoraja,Rajidae,Rajiformes,Elasmobranchii,Pisces,Vertebrata,Chordata,Animalia,Malacoraja senta,smooth skateMalacoraja senta,senta,Malacoraja,Rajidae,Rajiformes,Elasmobranchii,Pisces,Vertebrata,Chordata,Animalia,Malacoraja senta,smooth skateRAJA SENTA,senta,Malacoraja,Rajidae,Rajiformes,Elasmobranchii,Pisces,Vertebrata,Chordata,Animalia,Malacoraja senta,smooth skateSCORPAEA CALCARATA,calcarata,Scorpaena,Scorpaenidae,Scorpaeniformes,Actinopterygii,Osteichthyes,Vertebrata,Chordata,Animalia,Scorpaea calcarata,smoothhead scorpionfishSCORPAENA CALCARATA,calcarata,Scorpaena,Scorpaenidae,Scorpaeniformes,Actinopterygii,Pisces,Vertebrata,Chordata,Animalia,Scorpaena calcarata,smoothhead scorpionfishBenthoctopus leioderma,leioderma,Benthoctopus,Octopodidae,Octopoda,Cephalopoda,NA,NA,Mollusca,Animalia,Benthoctopus leioderma,smoothskin octopusCareproctus sp.,NA,Careproctus,Liparidae,Scorpaeniformes,Actinopterygii,Pisces,Vertebrata,Chordata,Animalia,Careproctus spp.,snailfishesCareproctussp.,NA,Careproctus,Liparidae,Scorpaeniformes,Actinopterygii,Pisces,Vertebrata,Chordata,Animalia,Careproctus spp.,snailfishesLIPARIDAE,NA,NA,Liparidae,Scorpaeniformes,Actinopterygii,Pisces,Vertebrata,Chordata,Animalia,Liparidae spp.,snailfishesLiparidae,NA,NA,Liparidae,Scorpaeniformes,Actinopterygii,Pisces,Vertebrata,Chordata,Animalia,Liparidae spp.,snailfishesLiparis sp.,NA,NA,NA,NA,NA,NA,NA,NA,NA,Liparis,snailfishesLumpenus sagitta,sagitta,Lumpenus,Stichaeidae,Perciformes,Actinopterygii,Osteichthyes,Vertebrata,Chordata,Animalia,Lumpenus sagitta,snake pricklebackLumpenussagitta,sagitta,Lumpenus,Stichaeidae,Perciformes,Actinopterygii,Pisces,Vertebrata,Chordata,Animalia,Lumpenus sagitta,snake pricklebackLUMPENUS LUMPRETAEFORMIS,lampretaeformis,Lumpenus,Stichaeidae,Perciformes,Actinopterygii,Pisces,Vertebrata,Chordata,Animalia,Lumpenus lampretaeformis,snakeblennyCHIONOECETES OPILIO,opilio,Chionoecetes,Oregoniidae,Decapoda,Malacostraca,NA,Crustacea,Arthropoda,Animalia,Chionoecetes opilio,snow crabChionoecetes opilio,opilio,Chionoecetes,Oregoniidae,Decapoda,Malacostraca,NA,Crustacea,Arthropoda,Animalia,Chionoecetes opilio,snow crabChionoecetesopilio,opilio,Chionoecetes,Oregoniidae,Decapoda,Malacostraca,NA,Crustacea,Arthropoda,Animalia,Chionoecetes opilio,snow crabChionoecetes hybrid,NA,Chionoecetes,Oregoniidae,Decapoda,Malacostraca,NA,Crustacea,Arthropoda,Animalia,Chionoecetes spp.,snow crabsChionoeceteshybrid,NA,Chionoecetes,Oregoniidae,Decapoda,Malacostraca,NA,Crustacea,Arthropoda,Animalia,Chionoecetes spp.,snow crabsOncorhynchus nerka,nerka,Oncorhynchus,Salmonidae,Salmoniformes,Actinopterygii,Osteichthyes,Vertebrata,Chordata,Animalia,Oncorhynchus nerka,sockeye salmonGorgonacea,NA,NA,NA,NA,NA,NA,NA,NA,NA,Gorgonacea,soft coralsPARALICHTHYS LETHOSTIGMA,lethostigma,Paralichthys,Paralichthyidae,Pleuronectiformes,Actinopterygii,Pisces,Vertebrata,Chordata,Animalia,Paralichthys lethostigma,southern flounderUROPHYCIS FLORIDANUS,floridana,Urophycis,Phycidae,Gadiformes,Actinopterygii,Pisces,Vertebrata,Chordata,Animalia,Urophycis floridana,southern hakeMENTICIRRHUS AMERICANUS,americanus,Menticirrhus,Sciaenidae,Perciformes,Actinopterygii,Pisces,Vertebrata,Chordata,Animalia,Menticirrhus americanus,southern kingfishLycodes raridens,raridens,Lycodes,Zoarcidae,Perciformes,Actinopterygii,Pisces,Vertebrata,Chordata,Animalia,Lycodes raridens,sparse-toothed lycodLycodesraridens,raridens,Lycodes,Zoarcidae,Perciformes,Actinopterygii,Pisces,Vertebrata,Chordata,Animalia,Lycodes raridens,sparse-toothed lycodICELUS SPATULA,spatula,Icelus,Cottidae,Scorpaeniformes,Actinopterygii,Pisces,Vertebrata,Chordata,Animalia,Icelus spatula,spatulate sculpinAREAEUS CRIBRARIUS,cribrarius,Arenaeus,Portunidae,Decapoda,Malacostraca,NA,Crustacea,Arthropoda,Animalia,Areaeus cribrarius,speckled swimming crabTriglops scepticus,scepticus,Triglops,Cottidae,Scorpaeniformes,Actinopterygii,Pisces,Vertebrata,Chordata,Animalia,Triglops scepticus,spectacled sculpinTriglopsscepticus,scepticus,Triglops,Cottidae,Scorpaeniformes,Actinopterygii,Pisces,Vertebrata,Chordata,Animalia,Triglops scepticus,spectacled sculpinPteraster militaris,militaris,Pteraster,Pterasteridae,Spinulosida,Asteroidea,NA,Asterozoa,Echinodermata,Animalia,Pteraster militaris,wrinkled starNOTACANTHIDAE,NA,NA,Notacanthidae,Notacanthiformes,Actinopterygii,Pisces,Vertebrata,Chordata,Animalia,Notacanthidae spp.,spiny eelsEGYOPHRYS SETA,senta,Engyophrys,Bothidae,Pleuronectiformes,Actinopterygii,Osteichthyes,Vertebrata,Chordata,Animalia,Egyophrys seta,spiny flounderENGYOPHRYS SENTA,senta,Engyophrys,Bothidae,Pleuronectiformes,Actinopterygii,Pisces,Vertebrata,Chordata,Animalia,Engyophrys senta,spiny flounderLEBBEUS GROENLANDICUS,groenlandicus,Lebbeus,Hippolytidae,Decapoda,Malacostraca,NA,Crustacea,Arthropoda,Animalia,Lebbeus groenlandicus,spiny lebbeidLebbeus groenlandicus,groenlandicus,Lebbeus,Hippolytidae,Decapoda,Malacostraca,NA,Crustacea,Arthropoda,Animalia,Lebbeus groenlandicus,spiny lebbeidAcantholithodes hispidus,hispidus,Acantholithodes,Hapalogastridae,Decapoda,Malacostraca,NA,Crustacea,Arthropoda,Animalia,Acantholithodes hispidus,spiny lithode crabAcantholithodeshispidus,hispidus,Acantholithodes,Hapalogastridae,Decapoda,Malacostraca,NA,Crustacea,Arthropoda,Animalia,Acantholithodes hispidus,spiny lithode crabSICYOIA BURKEROADI,burkenroadi,Sicyonia,Sicyoniidae,Decapoda,Malacostraca,NA,Crustacea,Arthropoda,Animalia,Sicyoia burkeroadi,spiny rock shrimpDasycottus setiger,setiger,Dasycottus,Psychrolutidae,Scorpaeniformes,Actinopterygii,Pisces,Vertebrata,Chordata,Animalia,Dasycottus setiger,spinyhead sculpinDasycottussetiger,setiger,Dasycottus,Psychrolutidae,Scorpaeniformes,Actinopterygii,Pisces,Vertebrata,Chordata,Animalia,Dasycottus setiger,spinyhead sculpinRAJA (BATHYRAJA) SPINICAUDA,spinicauda,Bathyraja,Rajidae,Rajiformes,Elasmobranchii,Pisces,Vertebrata,Chordata,Animalia,Bathyraja spinicauda,spinytail skateLabidochirus splendescens,splendescens,Labidochirus,Paguridae,Decapoda,Malacostraca,NA,Crustacea,Arthropoda,Animalia,Labidochirus splendescens,splendid hermitSebastes diploproa,diploproa,Sebastes,Sebastidae,Scorpaeniformes,Actinopterygii,Pisces,Vertebrata,Chordata,Animalia,Sebastes diploproa,splitnose rockfishPagurus brandti,brandti,Pagurus,Paguridae,Decapoda,Malacostraca,NA,Crustacea,Arthropoda,Animalia,Pagurus brandti,sponge hermitThyriscus anoplus,anoplus,Thyriscus,Cottidae,Scorpaeniformes,Actinopterygii,Osteichthyes,Vertebrata,Chordata,Animalia,Thyriscus anoplus,sponge sculpinPORIFERA,NA,NA,NA,NA,NA,NA,NA,Porifera,Animalia,Porifera spp.,spongesPorifera,NA,NA,NA,NA,NA,NA,NA,Porifera,Animalia,Porifera spp.,spongesLEIOSTOMUS XANTHURUS,xanthurus,Leiostomus,Sciaenidae,Perciformes,Actinopterygii,Pisces,Vertebrata,Chordata,Animalia,Leiostomus xanthurus,spotLEIOSTOMUS XATHURUS,xanthurus,Leiostomus,Sciaenidae,Perciformes,Actinopterygii,Pisces,Vertebrata,Chordata,Animalia,Leiostomus xanthurus,spotPandalus platyceros,platyceros,Pandalus,Pandalidae,Decapoda,Malacostraca,NA,Crustacea,Arthropoda,Animalia,Pandalus platyceros,spot shrimpPandalusplatyceros,platyceros,Pandalus,Pandalidae,Decapoda,Malacostraca,NA,Crustacea,Arthropoda,Animalia,Pandalus platyceros,spot shrimpChilara taylori,taylori,Chilara,Ophidiidae,Ophidiiformes,Actinopterygii,Pisces,Vertebrata,Chordata,Animalia,Chilara taylori,spotted cusk-eelUROPHYCIS REGIA,regia,Urophycis,Phycidae,Gadiformes,Actinopterygii,Pisces,Vertebrata,Chordata,Animalia,Urophycis regia,spotted hakeUrophycis regia,regia,Urophycis,Phycidae,Gadiformes,Actinopterygii,Pisces,Vertebrata,Chordata,Animalia,Urophycis regia,spotted hakeHydrolagus colliei,colliei,Hydrolagus,Chimaeridae,Chimaeriformes,Holocephali,Pisces,Vertebrata,Chordata,Animalia,Hydrolagus colliei,spotted ratfishHydrolaguscolliei,colliei,Hydrolagus,Chimaeridae,Chimaeriformes,Holocephali,Pisces,Vertebrata,Chordata,Animalia,Hydrolagus colliei,spotted ratfishCITHARICHTHYS MACROPS,macrops,Citharichthys,Paralichthyidae,Pleuronectiformes,Actinopterygii,Pisces,Vertebrata,Chordata,Animalia,Citharichthys macrops,spotted whiffANARHICHAS MINOR,minor,Anarhichas,Anarhichadidae,Perciformes,Actinopterygii,Pisces,Vertebrata,Chordata,Animalia,Anarhichas minor,spotted wolffishSYMPHURUS DIOMEDIAUS,diomedeanus,Symphurus,Cynoglossidae,Pleuronectiformes,Actinopterygii,Osteichthyes,Vertebrata,Chordata,Animalia,Symphurus diomediaus,spottedfin tonguefishSebastes hopkinsi,hopkinsi,Sebastes,Scorpaenidae,Scorpaeniformes,Actinopterygii,Osteichthyes,Vertebrata,Chordata,Animalia,Sebastes hopkinsi,squarespot rockfishDecapodiformes,NA,NA,NA,NA,Cephalopoda,NA,NA,Mollusca,Animalia,Decapodiformes spp.,squidsBoltenia ovifera,ovifera,Boltenia,Pyuridae,Pleurogona,Ascidiacea,NA,Urochordata,Chordata,Animalia,Boltenia ovifera,stalked sea squirtSTELLIFER LANCEOLATUS,lanceolatus,Stellifer,Sciaenidae,Perciformes,Actinopterygii,Pisces,Vertebrata,Chordata,Animalia,Stellifer lanceolatus,star drumPlatichthys stellatus,stellatus,Platichthys,Pleuronectidae,Pleuronectiformes,Actinopterygii,Pisces,Vertebrata,Chordata,Animalia,Platichthys stellatus,starry flounderPlatichthysstellatus,stellatus,Platichthys,Pleuronectidae,Pleuronectiformes,Actinopterygii,Pisces,Vertebrata,Chordata,Animalia,Platichthys stellatus,starry flounderAMBLYRAJA RADIATA,radiata,Amblyraja,Rajidae,Rajiformes,Elasmobranchii,Pisces,Vertebrata,Chordata,Animalia,Amblyraja radiata,starry skateAmblyraja radiata,radiata,Amblyraja,Rajidae,Rajiformes,Elasmobranchii,Pisces,Vertebrata,Chordata,Animalia,Amblyraja radiata,starry skateRAJA RADIATA,radiata,Amblyraja,Rajidae,Rajiformes,Elasmobranchii,Pisces,Vertebrata,Chordata,Animalia,Amblyraja radiata,starry skateRaja stellulata,stellulata,Raja,Rajidae,Rajiformes,Chondrichthyes,Chondrichthyes,Vertebrata,Chordata,Animalia,Raja stellulata,starry skateAASIMUS LATUS,latus,Anasimus,Inachoididae,Decapoda,Malacostraca,NA,Crustacea,Arthropoda,Animalia,Aasimus latus,stilt spider crabANASIMUS LATUS,latus,Anasimus,Inachoididae,Decapoda,Malacostraca,NA,Crustacea,Arthropoda,Animalia,Anasimus latus,stilt spider crabLITHODIDAE,NA,NA,Lithodidae,Decapoda,Malacostraca,NA,Crustacea,Arthropoda,Animalia,Lithodidae spp.,stone and king crabsScleractinia,NA,NA,NA,Scleractinia,Anthozoa,NA,Anthozoa,Cnidaria,Animalia,Scleractinia,stony coralsOphiura sarsi,sarsi,Ophiura,Ophiuridae,Ophiurida,Ophiuroidea,NA,Asterozoa,Echinodermata,Animalia,Ophiura sarsi,notched brittle starANCHOA HEPSETUS,hepsetus,Anchoa,Engraulidae,Clupeiformes,Actinopterygii,Pisces,Vertebrata,Chordata,Animalia,Anchoa hepsetus,striped anchovyCHILOMYCTERUS SCHOEPFI,schoepfii,Chilomycterus,Diodontidae,Tetraodontiformes,Actinopterygii,Osteichthyes,Vertebrata,Chordata,Animalia,Chilomycterus schoepfi,striped burrfishPRIONOTUS EVOLANS,evolans,Prionotus,Triglidae,Scorpaeniformes,Actinopterygii,Osteichthyes,Vertebrata,Chordata,Animalia,Prionotus evolans,striped searobinPrionotus evolans,evolans,Prionotus,Triglidae,Scorpaeniformes,Actinopterygii,Pisces,Vertebrata,Chordata,Animalia,Prionotus evolans,striped searobinSebastes saxicola,saxicola,Sebastes,Sebastidae,Scorpaeniformes,Actinopterygii,Pisces,Vertebrata,Chordata,Animalia,Sebastes saxicola,stripetail rockfishPodothecus accipenserinus,accipenserinus,Podothecus,Agonidae,Scorpaeniformes,Actinopterygii,Pisces,Vertebrata,Chordata,Animalia,Podothecus accipenserinus,sturgeon poacherPodothecusaccipenserinus,accipenserinus,Podothecus,Agonidae,Scorpaeniformes,Actinopterygii,Pisces,Vertebrata,Chordata,Animalia,Podothecus accipenserinus,sturgeon poacherPARALICHTHYS DENTATUS,dentatus,Paralichthys,Paralichthyidae,Pleuronectiformes,Actinopterygii,Osteichthyes,Vertebrata,Chordata,Animalia,Paralichthys dentatus,summer flounderParalichthys dentatus,dentatus,Paralichthys,Paralichthyidae,Pleuronectiformes,Actinopterygii,Pisces,Vertebrata,Chordata,Animalia,Paralichthys dentatus,summer flounderPycnopodia helianthoides,helianthoides,Pycnopodia,Pycnopodiidae,Forcipulatida,Asteroidea,NA,Asterozoa,Echinodermata,Animalia,Pycnopodia helianthoides,sunflower sea starPycnopodiahelianthoides,helianthoides,Pycnopodia,Pycnopodiidae,Forcipulatida,Asteroidea,NA,Asterozoa,Echinodermata,Animalia,Pycnopodia helianthoides,sunflower sea starBathyplotes sp.,NA,Bathyplotes,Synallactidae,Aspidochirotida,Holothuroidea,NA,Echinozoa,Echinodermata,Animalia,Bathyplotes,a sea cucumberLiponema brevicornis,brevicornis,Liponema,Liponematidae,Actiniaria,Anthozoa,NA,Anthozoa,Cnidaria,Animalia,Liponema brevicornis,tentacle shedding anemoneColus herendeenii,herendeenii,Colus,Buccinidae,Neogastropoda,Gastropoda,NA,NA,Mollusca,Animalia,Colus herendeenii,thin-ribbed whelkIcelus spiniger,spiniger,Icelus,Cottidae,Scorpaeniformes,Actinopterygii,Pisces,Vertebrata,Chordata,Animalia,Icelus spiniger,thorny sculpinIcelusspiniger,spiniger,Icelus,Cottidae,Scorpaeniformes,Actinopterygii,Pisces,Vertebrata,Chordata,Animalia,Icelus spiniger,thorny sculpinGymnocanthus pistilliger,pistilliger,Gymnocanthus,Cottidae,Scorpaeniformes,Actinopterygii,Osteichthyes,Vertebrata,Chordata,Animalia,Gymnocanthus pistilliger,threaded sculpinIcelinus filamentosus,filamentosus,Icelinus,Cottidae,Scorpaeniformes,Actinopterygii,Pisces,Vertebrata,Chordata,Animalia,Icelinus filamentosus,threadfin sculpinGAIDROPSARUS  SP,NA,Gaidropsarus,Lotidae,Gadiformes,Actinopterygii,Pisces,Vertebrata,Chordata,Animalia,Gaidropsarus spp.,three-bearded rocklingsGAIDROPSARUS  SP.,NA,Gaidropsarus,Lotidae,Gadiformes,Actinopterygii,Pisces,Vertebrata,Chordata,Animalia,Gaidropsarus spp.,three-bearded rocklingsACYLOPSETTA DILECTA,dilecta,Ancylopsetta,Paralichthyidae,Pleuronectiformes,Actinopterygii,Osteichthyes,Vertebrata,Chordata,Animalia,Acylopsetta dilecta,three-eye flounderANCYLOPSETTA DILECTA,dilecta,Ancylopsetta,Bothidae,Pleuronectiformes,Actinopterygii,Pisces,Vertebrata,Chordata,Animalia,Ancylopsetta dilecta,three-eye flounderLamna ditropis,ditropis,Lamna,Lamnidae,Lamniformes,Chondrichthyes,Chondrichthyes,Vertebrata,Chordata,Animalia,Lamna ditropis,salmon sharkHAEMULO AUROLIEATUM,aurolineatum,Haemulon,Haemulidae,Perciformes,Actinopterygii,Osteichthyes,Vertebrata,Chordata,Animalia,Haemulo aurolieatum,tomtateHAEMULON AUROLINEATUM,aurolineatum,Haemulon,Haemulidae,Perciformes,Actinopterygii,Pisces,Vertebrata,Chordata,Animalia,Haemulon aurolineatum,tomtateGaleorhinus galeus,galeus,Galeorhinus,Triakidae,Carcharhiniformes,Chondrichthyes,Chondrichthyes,Vertebrata,Chordata,Animalia,Galeorhinus galeus,tope sharkTRACHYPENEUS,NA,Trachypeneus,Penaeidae,Decapoda,Malacostraca,NA,Crustacea,Arthropoda,Animalia,Trachypeneus spp.,trachypeneid shrimpsBeringius beringii,behringi,Beringius,Buccinidae,Neogastropoda,Gastropoda,NA,NA,Mollusca,Animalia,Beringius behringi,true whelkBeringiusberingii,behringi,Beringius,Buccinidae,Neogastropoda,Gastropoda,NA,NA,Mollusca,Animalia,Beringius behringi,true whelkNeptunea borealis,borealis,Neptunea,Buccinidae,Neogastropoda,Gastropoda,NA,NA,Mollusca,Animalia,Neptunea borealis,true whelkNeptunea heros,heros,Neptunea,Buccinidae,Neogastropoda,Gastropoda,NA,NA,Mollusca,Animalia,Neptunea heros,true whelkNeptuneaborealis,borealis,Neptunea,Buccinidae,Neogastropoda,Gastropoda,NA,NA,Mollusca,Animalia,Neptunea borealis,true whelkNeptuneaheros,heros,Neptunea,Buccinidae,Neogastropoda,Gastropoda,NA,NA,Mollusca,Animalia,Neptunea heros,true whelkPlicifusus kroyeri,kroeyeri,Plicifusus,Buccinidae,Neogastropoda,Gastropoda,NA,NA,Mollusca,Animalia,Plicifusus kroeyeri,true whelkPlicifususkroyeri,kroeyeri,Plicifusus,Buccinidae,Neogastropoda,Gastropoda,NA,NA,Mollusca,Animalia,Plicifusus kroeyeri,true whelkBUCCINIDAE,NA,NA,Buccinidae,Neogastropoda,Gastropoda,NA,NA,Mollusca,Animalia,Buccinidae spp.,true whelksBeringius sp.,NA,Beringius,Buccinidae,Neogastropoda,Gastropoda,NA,NA,Mollusca,Animalia,Beringius spp.,true whelksBeringiussp.,NA,Beringius,Buccinidae,Neogastropoda,Gastropoda,NA,NA,Mollusca,Animalia,Beringius spp.,true whelksBuccinum sp.,NA,Buccinum,Buccinidae,Neogastropoda,Gastropoda,NA,NA,Mollusca,Animalia,Buccinum spp.,true whelksBuccinum spp.,NA,Buccinum,Buccinidae,Neogastropoda,Gastropoda,NA,NA,Mollusca,Animalia,Buccinum spp.,true whelksBuccinumsp.,NA,Buccinum,Buccinidae,Neogastropoda,Gastropoda,NA,NA,Mollusca,Animalia,Buccinum spp.,true whelksColus sp.,NA,Colus,Buccinidae,Neogastropoda,Gastropoda,NA,NA,Mollusca,Animalia,Colus spp.,true whelksColussp.,NA,Colus,Buccinidae,Neogastropoda,Gastropoda,NA,NA,Mollusca,Animalia,Colus spp.,true whelksNeptunea sp.,NA,Neptunea,Buccinidae,Neogastropoda,Gastropoda,NA,NA,Mollusca,Animalia,Neptunea spp.,true whelksNeptunea spp.,NA,Neptunea,Buccinidae,Neogastropoda,Gastropoda,NA,NA,Mollusca,Animalia,Neptunea spp.,true whelksNeptuneasp.,NA,Neptunea,Buccinidae,Neogastropoda,Gastropoda,NA,NA,Mollusca,Animalia,Neptunea spp.,true whelksVolutopsius sp.,NA,Volutopsius,Buccinidae,Neogastropoda,Gastropoda,NA,NA,Mollusca,Animalia,Volutopsius spp.,true whelksVolutopsiussp.,NA,Volutopsius,Buccinidae,Neogastropoda,Gastropoda,NA,NA,Mollusca,Animalia,Volutopsius spp.,true whelksAscidiacea,NA,NA,NA,NA,Ascidiacea,NA,Tunicata,Chordata,Animalia,Tunicata spp.,tunicatesTunicata,NA,NA,NA,NA,NA,NA,NA,NA,NA,Tunicata,tunicatesRHOMBOPLITES AURORUBES,aurorubens,Rhomboplites,Lutjanidae,Perciformes,Actinopterygii,Osteichthyes,Vertebrata,Chordata,Animalia,Rhomboplites aurorubes,vermilion snapperChauliodontinae,NA,NA,Stomiidae,Stomiiformes,Actinopterygii,Osteichthyes,Vertebrata,Chordata,Animalia,Chauliodontinae,viperfishesTheragra chalcogramma,chalcogramma,Theragra,Gadidae,Gadiformes,Actinopterygii,Pisces,Vertebrata,Chordata,Animalia,Theragra chalcogramma,walleye pollockTheragrachalcogramma,chalcogramma,Theragra,Gadidae,Gadiformes,Actinopterygii,Pisces,Vertebrata,Chordata,Animalia,Theragra chalcogramma,walleye pollockPyrulofusus deformis,deformis,Pyrulofusus,Buccinidae,Neogastropoda,Gastropoda,NA,NA,Mollusca,Animalia,Pyrulofusus deformis,warped whelkPyrulofususdeformis,deformis,Pyrulofusus,Buccinidae,Neogastropoda,Gastropoda,NA,NA,Mollusca,Animalia,Pyrulofusus deformis,warped whelkLycodes palearis,palearis,Lycodes,Zoarcidae,Perciformes,Actinopterygii,Pisces,Vertebrata,Chordata,Animalia,Lycodes palearis,wattled eelpoutLycodespalearis,palearis,Lycodes,Zoarcidae,Perciformes,Actinopterygii,Pisces,Vertebrata,Chordata,Animalia,Lycodes palearis,wattled eelpoutCYNOSCION,NA,Cynoscion,Sciaenidae,Perciformes,Actinopterygii,Pisces,Vertebrata,Chordata,Animalia,Cynoscion spp.,weakfishesPatinopecten caurinus,caurinus,Patinopecten,Pectinidae,Pectinoida,Bivalvia,NA,NA,Mollusca,Animalia,Patinopecten caurinus,weathervane scallopPatinopectencaurinus,caurinus,Patinopecten,Pectinidae,Pectinoida,Bivalvia,NA,NA,Mollusca,Animalia,Patinopecten caurinus,weathervane scallopPRISTIPOMOIDES AQUILONARIS,aquilonaris,Pristipomoides,Lutjanidae,Perciformes,Actinopterygii,Pisces,Vertebrata,Chordata,Animalia,Pristipomoides aquilonaris,wenchmanGenyonemus lineatus,lineatus,Genyonemus,Sciaenidae,Perciformes,Actinopterygii,Pisces,Vertebrata,Chordata,Animalia,Genyonemus lineatus,white croakerLEIOLAMBRUS ITIDUS,nitidus,Leiolambrus,Parthenopidae,Decapoda,Malacostraca,NA,Crustacea,Arthropoda,Animalia,Leiolambrus itidus,white elbow crabUROPHYCIS TENUIS,tenuis,Urophycis,Phycidae,Gadiformes,Actinopterygii,Pisces,Vertebrata,Chordata,Animalia,Urophycis tenuis,white hakeUrophycis tenuis,tenuis,Urophycis,Phycidae,Gadiformes,Actinopterygii,Pisces,Vertebrata,Chordata,Animalia,Urophycis tenuis,white hakePEAEUS SETIFERUS,setiferus,Litopenaeus,Penaeidae,Decapoda,Malacostraca,NA,Crustacea,Arthropoda,Animalia,Peaeus setiferus,white shrimpBathyraja maculata,maculata,Bathyraja,Arhynchobatidae,Rajiformes,Chondrichthyes,Chondrichthyes,Vertebrata,Chordata,Animalia,Bathyraja maculata,white-blotched skateAllosmerus elongatus,elongatus,Allosmerus,Osmeridae,Osmeriformes,Actinopterygii,Pisces,Vertebrata,Chordata,Animalia,Allosmerus elongatus,whitebait smeltPoroclinus rothrocki,rothrocki,Poroclinus,Stichaeidae,Perciformes,Actinopterygii,Osteichthyes,Vertebrata,Chordata,Animalia,Poroclinus rothrocki,whitebarred pricklebackHexagrammos stelleri,stelleri,Hexagrammos,Hexagrammidae,Scorpaeniformes,Actinopterygii,Pisces,Vertebrata,Chordata,Animalia,Hexagrammos stelleri,whitespotted greenlingHexagrammosstelleri,stelleri,Hexagrammos,Hexagrammidae,Scorpaeniformes,Actinopterygii,Pisces,Vertebrata,Chordata,Animalia,Hexagrammos stelleri,whitespotted greenlingSebastes entomelas,entomelas,Sebastes,Sebastidae,Scorpaeniformes,Actinopterygii,Pisces,Vertebrata,Chordata,Animalia,Sebastes entomelas,widow rockfishSCOPHTHALMUS AQUOSUS,aquosus,Scophthalmus,Scophthalmidae,Pleuronectiformes,Actinopterygii,Osteichthyes,Vertebrata,Chordata,Animalia,Scophthalmus aquosus,windowpaneScophthalmus aquosus,aquosus,Scophthalmus,Scophthalmidae,Pleuronectiformes,Actinopterygii,Pisces,Vertebrata,Chordata,Animalia,Scophthalmus aquosus,windowpaneGLYPTOCEPHALUS CYNOGLOSSUS,cynoglossus,Glyptocephalus,Pleuronectidae,Pleuronectiformes,Actinopterygii,Pisces,Vertebrata,Chordata,Animalia,Glyptocephalus cynoglossus,witch flounderGlyptocephalus cynoglossus,cynoglossus,Glyptocephalus,Pleuronectidae,Pleuronectiformes,Actinopterygii,Pisces,Vertebrata,Chordata,Animalia,Glyptocephalus cynoglossus,witch flounderAnarrhichthys ocellatus,ocellatus,Anarrhichthys,Anarhichadidae,Perciformes,Actinopterygii,Osteichthyes,Vertebrata,Chordata,Animalia,Anarrhichthys ocellatus,wolf-eelPRISTIPOMOIDES AQUILOARIS,aquilonaris,Pristipomoides,Lutjanidae,Perciformes,Actinopterygii,Osteichthyes,Vertebrata,Chordata,Animalia,Pristipomoides aquiloaris,wrenchmanCRYPTACANTHODES MACULATUS,maculatus,Cryptacanthodes,Cryptacanthodidae,Perciformes,Actinopterygii,Pisces,Vertebrata,Chordata,Animalia,Cryptacanthodes maculatus,wrymouthHemilepidotus jordani,jordani,Hemilepidotus,Cottidae,Scorpaeniformes,Actinopterygii,Pisces,Vertebrata,Chordata,Animalia,Hemilepidotus jordani,yellow Irish lordHemilepidotusjordani,jordani,Hemilepidotus,Cottidae,Scorpaeniformes,Actinopterygii,Pisces,Vertebrata,Chordata,Animalia,Hemilepidotus jordani,yellow Irish lordCALAPPA SULCATA,sulcata,Calappa,Calappidae,Decapoda,Malacostraca,NA,Crustacea,Arthropoda,Animalia,Calappa sulcata,yellow box crabHILDEBRANDIA FLAVA,flavus,Rhynchoconger,Congridae,Anguilliformes,Actinopterygii,Pisces,Vertebrata,Chordata,Animalia,Rhynchoconger flavus,yellow congerLimanda aspera,aspera,Limanda,Pleuronectidae,Pleuronectiformes,Actinopterygii,Pisces,Vertebrata,Chordata,Animalia,Limanda aspera,yellowfin soleLimandaaspera,aspera,Limanda,Pleuronectidae,Pleuronectiformes,Actinopterygii,Pisces,Vertebrata,Chordata,Animalia,Limanda aspera,yellowfin solePandalus tridens,tridens,Pandalus,Pandalidae,Decapoda,Malacostraca,NA,Crustacea,Arthropoda,Animalia,Pandalus tridens,yellowleg pandalidSTEORHYCHUS SETICORIS,seticornis,Stenorhynchus,Inachidae,Decapoda,Malacostraca,NA,Crustacea,Arthropoda,Animalia,Steorhychus seticoris,yellowline arrow crabSebastes reedi,reedi,Sebastes,Sebastidae,Scorpaeniformes,Actinopterygii,Pisces,Vertebrata,Chordata,Animalia,Sebastes reedi,yellowmouth rockfishSebastes flavidus,flavidus,Sebastes,Sebastidae,Scorpaeniformes,Actinopterygii,Pisces,Vertebrata,Chordata,Animalia,Sebastes flavidus,yellowtail rockfish